0 0.40938780737704916 0.5741974043715847 0.42326246584699445 0.6360997267759563 0.5993639002732241 0.6104849726775956 0.5886910860655737 0.5507172131147541
0 0.6335169057377049 0.5400443989071038 0.64098787568306 0.6062158469945355 0.7466487363387977 0.5891393442622951 0.7391777663934427 0.5293715846994536
0 0.7754653346994536 0.5251024590163934 0.793609118852459 0.6777237021857924 0.8715206625683061 0.6723872950819672 0.8512423155737705 0.5197660519125683
0 0.8789916325136611 0.49521857923497264 0.8896644467213115 0.5645918715846995 0.9963925887978142 0.549649931693989 0.9867870560109289 0.4845457650273224
0 0.6420551571038251 0.6531762295081966 0.6548625341530054 0.7663080601092895 0.7071593237704918 0.7652407786885246 0.6996883538251366 0.6457052595628415
0 0.7156975751366119 0.6958674863387978 0.7274376707650272 0.7609716530054644 0.8074837773224044 0.7577698087431693 0.7989455259562841 0.6883965163934426
0 0.8693860997267759 0.6851946721311475 0.873655225409836 0.7460297131147541 0.9152792008196722 0.7438951502732241 0.9046063866120218 0.6819928278688524
0 0.1852587090163934 0.41303790983606553 0.19593152322404372 0.5304388661202185 0.06252134562841527 0.5464480874316939 0.039041154371584674 0.4365181010928962
0 0.26423753415300544 0.4173070355191257 0.27491034836065575 0.4994877049180328 0.20340249316939885 0.506958674863388 0.19486424180327866 0.4333162568306011
0 0.284515881147541 0.40023053278688525 0.29412141393442626 0.49201673497267756 0.3923113046448087 0.4802766393442623 0.3773693647540983 0.3874231557377049
0 0.4221951844262295 0.46853654371584696 0.4969048838797814 0.46320013661202186 0.4776938183060109 0.3212517076502732 0.3944458674863388 0.3212517076502732
1 0.12976007513661203 0.7641734972677595 0.2877177254098361 0.7417605874316939 0.2791794740437158 0.6307633196721312 0.1180199795081967 0.6393015710382514
0 0.6676699112021858 0.32018442622950816 0.6836791325136611 0.44825819672131145 0.756254269125683 0.44719091530054644 0.750917862021858 0.31698258196721313
0 0.9067409494535519 0.58807206284153 0.912077356557377 0.6467725409836065 0.998046875 0.63671875 0.998046875 0.57421875
0 0.8725879439890709 0.8431523224043715 0.9291538592896174 0.8378159153005464 0.94921875 0.998046875 0.890625 0.998046875
0 0.596162056010929 0.35753927595628415 0.6132385587431693 0.4738729508196721 0.5331924521857924 0.4824112021857923 0.5161159494535519 0.37354849726775957
1 0.6357261782786885 0.18037056010928962 0.6442644296448087 0.27108948087431695 0.8993446892076502 0.24867657103825136 0.8577207137978142 0.017076502732240435 0.7403197575136611 0.021345628415300546 0.7520598531420766 0.1408811475409836
1 0.039233265027322384 0.19744706284153005 0.05097336065573771 0.2646857923497268 0.12888490437158467 0.25294569672131145 0.11927937158469942 0.19851434426229508
0 0.6764002732240437 0.8143357240437158 0.7297643442622951 0.8057974726775956 0.7425717213114754 0.8644979508196721 0.6892076502732241 0.8666325136612022
1 0.1459614071038251 0.9573514344262295 0.32419740437158473 0.9349385245901639 0.33487021857923494 0.9979081284153005 0.310546875 0.998046875 0.15343237704918034 0.9968408469945355
0 0.7809938524590163 0.31911714480874315 0.7938012295081966 0.4567964480874317 0.925076844262295 0.43971994535519127 0.8941256830601092 0.2593493852459016 0.8258196721311475 0.2636185109289617 0.8258196721311475 0.3073770491803279
0 0.5237790300546448 0.6435706967213114 0.5429900956284153 0.8356813524590163 0.6315744535519126 0.821806693989071 0.610228825136612 0.6425034153005464
0 0.6753329918032787 0.9392076502732241 0.6337090163934426 0.9701588114754098 0.658203125 0.998046875 0.7052168715846994 0.9744279371584699
