0 0.836903561827957 0.18346774193548387 0.4021757392473118 0.3094758064516129 0.3612231182795699 0.20131888440860213 0.39692540322580644 0.08371135752688169 0.4788306451612903 0.0028561827956989083 0.8442540322580645 0.0028561827956989083 0.8610551075268816 0.07111055107526881 0.8201024865591398 0.08266129032258063
2 0.09660618279569892 0.4134324596774194 0.1858618951612903 0.39873151881720426 0.1281081989247312 0.19606854838709675 0.04200268817204301 0.20761928763440857
2 0.017851142473118278 0.4449344758064516 0.09240591397849462 0.4344338037634409 0.07350470430107527 0.30632560483870963 0.0031502016129032256 0.32837701612903225
0 0.043052755376344086 0.16246639784946237 0.10920698924731183 0.10471270161290319 0.06090389784946236 0.05640961021505375 0.004200268817204301 0.10471270161290319
2 0.5628360215053763 0.7137516801075269 0.8064516129032258 0.6339465725806451 0.8957073252688171 0.6969506048387096 0.9902133736559139 0.9773185483870968 0.6541918682795699 0.996219758064516
2 0.22366431451612903 0.856560819892473 0.5355342741935484 0.7421034946236559 0.62109375 0.998046875 0.2562163978494624 0.994119623655914
0 0.47778057795698925 0.422883064516129 0.5743867607526881 0.4008316532258064 0.6615423387096774 0.6549479166666666 0.376974126344086 0.7253024193548386 0.321320564516129 0.5215893817204301 0.501932123655914 0.48063676075268813
2 0.6195396505376344 0.4008316532258064 0.725596438172043 0.3724798387096774 0.8054015456989246 0.5877436155913978 0.6783434139784946 0.6297463037634408 0.6100890456989247 0.451234879032258 0.6216397849462365 0.44808467741935476
2 0.09135584677419355 0.562542002688172 0.16124636627906977 0.5450581395348837 0.23467781007751937 0.8100169573643411 0.16276041666666666 0.828209005376344
0 0.02835181451612903 0.8586609543010753 0.11550739247311827 0.8387096774193548 0.06720430107526881 0.6875 0.13860887096774194 0.6685987903225806 0.08295530913978494 0.5562415994623655 0.029401881720430106 0.5667422715053763 0.0021001344086021504 0.5698924731182795 0.0 0.7253024193548386
2 0.1635174418604651 0.5284035852713178 0.3005390019379845 0.4822250484496124 0.38381177325581395 0.7691375968992248 0.23694888565891473 0.8138020833333333
