1 0.9528341090425532 0.1163563829787234 0.8988115026595744 0.1350565159574468 0.9258228058510638 0.22440159574468083 0.998046875 0.19921875 0.9975066489361701 0.12882313829787234 0.9569896941489362 0.1371343085106383
1 0.49364195478723394 0.4685422207446808 0.40118018617021267 0.48308676861702127 0.4022190824468085 0.5651595744680851 0.5362367021276595 0.5537317154255319 0.525847739361702 0.4913979388297872
1 0.5009142287234042 0.4259474734042553 0.4562416888297872 0.431141954787234 0.4687084441489361 0.4664644281914893 0.5154587765957447 0.46438663563829785
1 0.4676695478723404 0.5828208111702128 0.4032579787234042 0.5848986037234042 0.4032579787234042 0.5932097739361701 0.3544298537234042 0.5932097739361701 0.36170212765957444 0.6358045212765957 0.4572805851063829 0.6451545877659574
1 0.39702460106382975 0.6503490691489361 0.40014128989361697 0.6742436835106382 0.36170212765957444 0.6596991356382979 0.3596243351063829 0.6482712765957447
1 0.3056017287234042 0.5797041223404255 0.3700132978723404 0.5838597074468085 0.3585854388297872 0.48828124999999994 0.31183510638297873 0.4913979388297872 0.3076795212765957 0.5111369680851063 0.28170711436170204 0.5111369680851063 0.2775515292553191 0.5381482712765957 0.3076795212765957 0.5433427526595744
1 0.26924035904255317 0.532953789893617 0.21210106382978722 0.5526928191489361 0.20482878989361697 0.5319148936170213 0.25365691489361697 0.5184092420212766
1 0.16638962765957444 0.49659242021276595 0.1373005319148936 0.4986702127659574 0.151845079787234 0.5859375 0.2100232712765957 0.5755485372340425 0.2079454787234042 0.5402260638297872
1 0.2100232712765957 0.6004820478723404 0.1539228723404255 0.6025598404255319 0.15807845744680848 0.6534657579787234 0.22041223404255317 0.6409990026595744
1 0.0635388962765957 0.6202210771276595 0.06146110372340424 0.6700880984042553 0.0 0.669921875 0.0 0.61328125
1 0.060422207446808485 0.6129488031914894 0.06457779255319146 0.6690492021276595 0.1383394281914893 0.671126994680851 0.14665059840425532 0.5911319813829787 0.0625 0.5880152925531914
1 0.5902593085106382 0.44776429521276595 0.5985704787234042 0.5100980718085106 0.6505152925531914 0.5111369680851063 0.6422041223404255 0.4363364361702127
1 0.7408992686170213 0.36361369680851063 0.7346658909574468 0.4280252659574468 0.8011552526595744 0.4404920212765957 0.8084275265957446 0.36880817819148937
1 0.8084275265957446 0.43218085106382975 0.8105053191489362 0.532953789893617 0.9081615691489362 0.5391871675531914 0.9133560505319147 0.4726978058510638 0.84375 0.4726978058510638 0.8385555186170213 0.42906416223404253
1 0.9725731382978722 0.41867519946808507 0.9175116356382977 0.4301030585106383 0.9268617021276595 0.5412649601063829 0.998046875 0.529296875
1 0.9746509308510638 0.35738031914893614 0.9975066489361701 0.3553025265957447 0.9975066489361701 0.4560754654255319 0.9798454122340425 0.45815325797872336
1 0.9975066489361701 0.25037400265957444 0.9538730053191489 0.26284075797872336 0.9912732712765957 0.3220578457446808 0.998046875 0.2578125
1 0.9819232047872339 0.5890541888297872 0.998046875 0.642578125 0.998046875 0.58203125
1 0.9175116356382977 0.5973653590425532 0.9320561835106382 0.6628158244680851 0.998046875 0.6484375 0.9819232047872339 0.5869763962765957
1 0.6058427526595744 0.5599650930851063 0.5809092420212766 0.6461934840425532 0.6660987367021276 0.6680103058510638 0.7086934840425532 0.5828208111702128
1 0.5975315824468085 0.6648936170212766 0.5912982047872339 0.7095661569148936 0.49675864361702127 0.6981382978723404 0.5040309175531914 0.6409990026595744
1 0.5403922872340425 0.707488364361702 0.46351396276595735 0.7126828457446808 0.47494182180851063 0.7791722074468085 0.5611702127659574 0.7708610372340425 0.55078125 0.7033327792553191
1 0.16535073138297868 0.6669714095744681 0.12483377659574463 0.6846326462765957 0.13937832446808507 0.7293051861702127 0.18716755319148937 0.7116439494680851
1 0.23599567819148937 0.6721658909574467 0.19132313829787229 0.6877493351063829 0.21833444148936165 0.7417719414893617 0.26612367021276595 0.7220329122340425
1 0.26404587765957444 0.7531998005319148 0.20275099734042545 0.7760555186170213 0.23495678191489355 0.8529338430851063 0.26820146276595735 0.8373503989361701 0.28378490691489355 0.8311170212765957
1 0.294173869680851 0.8778673537234042 0.22872340425531912 0.8757895611702127 0.22768450797872342 0.9246176861702127 0.2889793882978723 0.9287732712765957
1 0.1352227393617021 0.8342337101063829 0.035488696808510634 0.8456615691489361 0.04172207446808507 0.8996841755319148 0.14872839095744678 0.8996841755319148
1 0.5320811170212766 0.7957945478723404 0.5237699468085106 0.874750664893617 0.42923038563829785 0.8612450132978723 0.46039727393617014 0.7822888962765957
1 0.6484374999999999 0.764627659574468 0.5497423537234042 0.7874833776595744 0.574675864361702 0.8716339760638298 0.672332114361702 0.866439494680851
1 0.5123420877659574 0.8737117686170213 0.44896941489361697 0.8737117686170213 0.45000831117021267 0.9464345079787233 0.5185754654255319 0.9890292553191489
1 0.6619431515957446 0.9069564494680851 0.5798703457446808 0.9017619680851063 0.5694813829787233 0.9183843085106382 0.5840259308510638 0.9931848404255319 0.693110039893617 0.9921459441489361
1 0.7107712765957446 0.7303440824468085 0.7201213430851063 0.8041057180851063 0.8406333111702127 0.7885222739361701 0.8312832446808509 0.719955119680851
1 0.7595994015957446 0.6368434175531914 0.7793384308510638 0.7116439494680851 0.7045378989361701 0.7261884973404255 0.693110039893617 0.6358045212765957 0.7502493351063828 0.6212599734042553
1 0.8343999335106382 0.6119099069148936 0.7544049202127658 0.6295711436170213 0.7814162234042552 0.7064494680851063 0.8593334441489362 0.6856715425531914
1 0.7918051861702127 0.8020279255319148 0.6889544547872339 0.8321559175531914 0.7014212101063828 0.8851396276595744 0.8177775930851063 0.8633228058510638
1 0.937250664893617 0.7698221409574467 0.8343999335106382 0.8041057180851063 0.8541389627659575 0.8612450132978723 0.9590674867021276 0.8280003324468085
1 0.9840009973404253 0.719955119680851 0.9528341090425532 0.732421875 0.9798454122340425 0.7978723404255319 0.9975066489361701 0.7968334441489361 0.9975066489361701 0.7521609042553191
1 0.9569896941489362 0.8487782579787233 0.863489029255319 0.8903341090425532 0.9268617021276595 0.9838347739361701 0.998046875 0.939453125
1 0.8510222739361701 0.8841007313829786 0.7886884973404256 0.9017619680851063 0.7876496010638296 0.9246176861702127 0.7232380319148934 0.9568234707446808 0.7398603723404256 0.9973404255319148 0.798828125 0.998046875 0.93359375 0.998046875
1 0.23807347074468077 0.9422789228723404 0.1757396941489361 0.9443567154255319 0.18508976063829785 0.9776013962765957 0.24638464095744672 0.9703291223404255
1 0.7969996675531914 0.4425698138297872 0.7315492021276595 0.44153091755319146 0.7180435505319149 0.5516539228723404 0.8011552526595744 0.5485372340425532
