2 0.5281838037634409 0.08581149193548387 0.5911878360215054 0.12361391129032256 0.5197832661290323 0.21917002688172038 0.46412970430107525 0.1782174059139785
2 0.7654989919354839 0.3462281586021505 0.8726058467741935 0.4218329973118279 0.8327032930107526 0.478536626344086 0.7245463709677419 0.39768145161290325
2 0.8873067876344085 0.4449344758064516 0.8600050403225806 0.478536626344086 0.8694556451612903 0.48273689516129026 0.851604502688172 0.5037382392473118 0.935609879032258 0.5709425403225806 0.9818128360215054 0.5142389112903225
2 0.4725302419354838 0.395581317204301 0.5481350806451613 0.44598454301075263 0.47568044354838707 0.5383904569892473 0.39692540322580644 0.48798723118279563
2 0.4273773521505376 0.36407930107526876 0.46832997311827956 0.3892809139784946 0.4063760080645161 0.4774865591397849 0.34337197580645157 0.4354838709677419 0.3696236559139785 0.395581317204301 0.390625 0.4134324596774194
1 0.35492271505376344 0.2811239919354838 0.4231770833333333 0.3241767473118279 0.3391717069892473 0.43233366935483863 0.26146673387096775 0.38403057795698925
3 0.2719674059139785 0.23807123655913975 0.33602150537634407 0.28007392473118276 0.2583165322580645 0.3756300403225806 0.1953125 0.33467741935483863
2 0.2026629704301075 0.1740171370967742 0.28246807795698925 0.23387096774193544 0.16276041666666666 0.37773017473118276 0.09030577956989247 0.3126260080645161
2 0.13335853494623656 0.1225638440860215 0.20161290322580644 0.16561659946236557 0.12075772849462366 0.27692372311827956 0.057753696236559134 0.23387096774193544
0 0.0640540994623656 0.06060987903225806 0.1491095430107527 0.1089129704301075 0.06090389784946236 0.21181955645161288 0.0031502016129032256 0.1603662634408602
3 0.5817372311827956 0.17296706989247312 0.6793934811827956 0.23807123655913975 0.6184895833333333 0.3315272177419355 0.5124327956989247 0.2580225134408602
2 0.4651797715053763 0.00390625 0.5407846102150538 0.05640961021505375 0.42212701612903225 0.20971942204301075 0.3423219086021505 0.14881552419354838
3 0.45572916666666663 0.012306787634408595 0.3727738575268817 0.10576276881720431 0.31607022849462363 0.06796034946236557 0.3828125 0.0 0.443359375 0.0
3 0.6384408602150538 0.09841229838709675 0.739247311827957 0.17086693548387094 0.6825436827956989 0.24227150537634407 0.586987567204301 0.18031754032258063
3 0.6961945564516129 0.02070732526881719 0.7980510752688171 0.08266129032258063 0.7350470430107526 0.1687668010752688 0.6363407258064516 0.10366263440860213
1 0.7203461021505376 0.0007560483870967527 0.7024949596774194 0.016507056451612906 0.7970010080645161 0.08266129032258063 0.851604502688172 0.008106518817204283
3 0.809601814516129 0.2538222446236559 0.9240591397849461 0.34832829301075263 0.8705057123655914 0.4218329973118279 0.7360971102150538 0.325226814516129
3 0.8568548387096774 0.20551915322580644 0.9398101478494623 0.2664230510752688 0.9030577956989246 0.3262768817204301 0.8201024865591398 0.2748235887096774
3 0.8967573924731183 0.1089129704301075 0.998046875 0.19140625 0.9975638440860215 0.27587365591397844 0.8631552419354839 0.18346774193548387
3 0.9230090725806451 0.3546286962365591 0.9975638440860215 0.4165826612903225 0.9944136424731183 0.5184391801075269 0.8558047715053763 0.4302335349462365
2 0.6153393817204301 0.5058383736559139 0.6909442204301075 0.5583417338709677 0.5985383064516129 0.6675487231182795 0.5323840725806451 0.6223958333333333
3 0.6877940188172043 0.5730426747311828 0.7633988575268816 0.6223958333333333 0.6825436827956989 0.7074512768817204 0.6163894489247311 0.660198252688172
2 0.7549983198924731 0.6118951612903225 0.8285030241935484 0.6622983870967741 0.711945564516129 0.8166582661290323 0.684643817204301 0.7001008064516129
3 0.8211525537634408 0.660198252688172 0.893607190860215 0.7127016129032258 0.7938508064516129 0.8303091397849462 0.7308467741935484 0.7925067204301075
3 0.851604502688172 0.7841061827956989 0.8988575268817204 0.7463037634408601 0.9566112231182795 0.799857190860215 0.8600050403225806 0.896463373655914 0.7980510752688171 0.8345094086021505
2 0.9419102822580645 0.799857190860215 0.9954637096774193 0.8660114247311828 0.9051579301075269 0.9594674059139785 0.8631552419354839 0.9059139784946235
3 0.29926915322580644 0.5835433467741935 0.3843245967741935 0.6633484543010753 0.30346942204301075 0.7463037634408601 0.21001344086021503 0.673849126344086 0.21841397849462366 0.645497311827957
3 0.2121135752688172 0.5016381048387096 0.28561827956989244 0.5646421370967741 0.2121135752688172 0.6444472446236559 0.13650873655913978 0.5824932795698924
3 0.13230846774193547 0.39138104838709675 0.22576444892473116 0.46908602150537626 0.11340725806451613 0.5677923387096774 0.04095262096774193 0.4921875
3 0.034652217741935484 0.29372479838709675 0.1228578629032258 0.3598790322580645 0.12495799731182795 0.3997815860215054 0.04410282258064516 0.4575352822580645 0.0021001344086021504 0.43233366935483863 0.0 0.32732694892473113
3 0.14490927419354838 0.7494539650537634 0.22786458333333331 0.8208585349462365 0.15435987903225806 0.8775621639784945 0.0808551747311828 0.8093077956989247
3 0.07455477150537634 0.8523605510752688 0.13230846774193547 0.9447664650537633 0.01575100806451613 0.995169690860215 0.0010500672043010752 0.8880628360215053
3 0.07665490591397849 0.6496975806451613 0.14595934139784947 0.7232022849462365 0.06615423387096774 0.8198084677419355 0.0 0.7557543682795699 0.008400537634408602 0.7148017473118279
3 0.3612231182795699 0.828209005376344 0.46412970430107525 0.952116935483871 0.40625 0.998046875 0.29296875 0.998046875 0.2667170698924731 0.9647177419354838 0.3465221774193548 0.897513440860215
3 0.39482526881720426 0.8397597446236558 0.42527721774193544 0.799857190860215 0.49668178763440857 0.868111559139785 0.4399781586021505 0.9017137096774193
1 0.4662298387096774 0.771505376344086 0.5250336021505376 0.8345094086021505 0.4956317204301075 0.868111559139785 0.42527721774193544 0.8030073924731183 0.4567792338709677 0.7799059139784946
3 0.5838373655913979 0.868111559139785 0.670992943548387 0.9605174731182795 0.6875 0.998046875 0.5502352150537634 0.995169690860215 0.530283938172043 0.968918010752688 0.5250336021505376 0.9867691532258065 0.49248151881720426 0.9773185483870968 0.4798807123655914 0.966817876344086 0.49773185483870963 0.9437163978494623
