3 0.7525318287037036 0.05331307870370369 0.7930410879629629 0.08948206018518517 0.7785734953703703 0.10828993055555552 0.8219762731481481 0.1560329861111111 0.7496383101851851 0.22981770833333331 0.659939236111111 0.1372251157407407
3 0.6310040509259259 0.17050057870370366 0.7076822916666666 0.2630931712962963 0.648365162037037 0.3267505787037037 0.6136429398148148 0.34989872685185186 0.5948350694444444 0.3310908564814814 0.6223234953703703 0.31807002314814814 0.5847077546296295 0.2934751157407407 0.5398582175925926 0.2370515046296296 0.5398582175925926 0.21824363425925924 0.5991753472222222 0.19075520833333331
3 0.49934895833333326 0.27900752314814814 0.5326244212962963 0.3195167824074074 0.5514322916666666 0.2978153935185185 0.5745804398148148 0.31807002314814814 0.5847077546296295 0.3310908564814814 0.5586660879629629 0.3701533564814814 0.5398582175925926 0.38462094907407407 0.5557725694444444 0.4092158564814814 0.5210503472222222 0.4424913194444444 0.4805410879629629 0.4034288194444444 0.4501591435185185 0.412109375 0.41977719907407407 0.3759403935185185 0.39228877314814814 0.3354311342592592 0.4241174768518518 0.3108362268518518 0.45739293981481477 0.3383246527777778
3 0.18684895833333331 0.050419560185185175 0.2345920138888889 0.0012297453703703498 0.2649739583333333 0.0012297453703703498 0.3083767361111111 0.05186631944444442 0.2765480324074074 0.0779079861111111 0.28812210648148145 0.10250289351851849 0.2591869212962963 0.12565104166666663 0.23603877314814814 0.12854456018518517 0.22591145833333331 0.10539641203703703
2 0.06821469907407407 0.13577835648148145 0.1130642361111111 0.21100983796296297 0.02915219907407407 0.2544126157407407 0.0 0.197265625 0.0016637731481481469 0.16616030092592593
3 0.16804108796296294 0.2370515046296296 0.23603877314814814 0.34845196759259256 0.19842303240740738 0.3773871527777778 0.10727719907407407 0.42078993055555547 0.08846932870370369 0.38317418981481477 0.12029803240740738 0.3629195601851851 0.09136284722222221 0.2978153935185185 0.08557581018518517 0.2804542824074074
2 0.02915219907407407 0.333984375 0.0740017361111111 0.42223668981481477 0.05808738425925926 0.46563946759259256 0.01613136574074074 0.47287326388888884 0.0016637731481481469 0.456958912037037 0.0031105324074074056 0.34266493055555547
3 0.24182581018518517 0.47432002314814814 0.330078125 0.42078993055555547 0.40530960648148145 0.5423177083333333 0.3213975694444444 0.5842737268518517
3 0.17527488425925924 0.6841001157407407 0.25629340277777773 0.6435908564814814 0.28378182870370366 0.6783130787037036 0.32718460648148145 0.7636718749999999 0.21433738425925924 0.8041811342592592
3 0.05953414351851852 0.7622251157407407 0.16080729166666666 0.7188223379629629 0.1882957175925926 0.8027343749999999 0.09425636574074073 0.8331163194444444
3 0.014684606481481483 0.5972945601851851 0.1058304398148148 0.5582320601851851 0.14199942129629628 0.6421440972222222 0.15067997685185183 0.6855468749999999 0.05374710648148148 0.7144820601851851 0.011791087962962958 0.5813802083333333
3 0.12029803240740738 0.5249565972222222 0.2085503472222222 0.4858940972222222 0.27076099537037035 0.5900607638888888 0.18250868055555555 0.6378038194444444
3 0.33152488425925924 0.7347366898148148 0.4544994212962963 0.6667390046296295 0.38794849537037035 0.5553385416666666 0.2649739583333333 0.624782986111111
3 0.39518229166666663 0.5654658564814814 0.4327980324074074 0.5307436342592592 0.5007957175925926 0.624782986111111 0.4892216435185185 0.652271412037037 0.47041377314814814 0.6797598379629629
3 0.5080295138888888 0.7636718749999999 0.5847077546296295 0.7058015046296295 0.6570457175925926 0.7926070601851851 0.5890480324074073 0.8663917824074074 0.564453125 0.853370949074074
3 0.3980758101851852 0.8360098379629628 0.4805410879629629 0.7853732638888888 0.5094762731481481 0.7955005787037036 0.5716869212962963 0.8967737268518519 0.5557725694444444 0.9054542824074074 0.5398582175925926 0.8837528935185184 0.4631799768518518 0.9286024305555556
3 0.2823350694444444 0.9025607638888888 0.39518229166666663 0.8562644675925926 0.44003182870370366 0.9430700231481481 0.3778211805555555 0.9806857638888888 0.333984375 0.998046875 0.3046875 0.998046875 0.3373119212962963 0.9763454861111109
3 0.17527488425925924 0.9517505787037037 0.26642071759259256 0.8996672453703702 0.3069299768518518 0.9503038194444444 0.2939091435185185 0.998046875 0.189453125 0.998046875
3 0.6049623842592592 0.8707320601851851 0.6787471064814814 0.8186487268518517 0.7626591435185185 0.9184751157407407 0.6830873842592592 0.9748987268518519
3 0.5080295138888888 0.9748987268518519 0.5470920138888888 0.9488570601851851 0.5413049768518519 0.931495949074074 0.5789207175925926 0.9141348379629628 0.6411313657407407 0.9835792824074074 0.6440248842592592 0.9966001157407407 0.623046875 0.998046875 0.5196035879629629 0.9951533564814814
3 0.6975549768518517 0.6305700231481481 0.759765625 0.5611255787037036 0.8523582175925926 0.6681857638888888 0.7742332175925926 0.7173755787037036
3 0.7727864583333333 0.7260561342592592 0.8451244212962963 0.6623987268518517 0.9116753472222222 0.7231626157407407 0.8335503472222222 0.7868200231481481
3 0.9131221064814814 0.7275028935185185 0.998046875 0.810546875 0.9970341435185184 0.886646412037037 0.9594184027777777 0.9141348379629628 0.8248697916666666 0.7911603009259258 0.8335503472222222 0.7795862268518517
0 0.620876736111111 0.5307436342592592 0.6946614583333333 0.47576678240740733 0.6078559027777778 0.38606770833333326 0.5224971064814814 0.4482783564814814
3 0.6338975694444444 0.3629195601851851 0.7221498842592592 0.28768807870370366 0.8002748842592592 0.35857928240740733 0.720703125 0.43815104166666663
3 0.26352719907407407 0.14879918981481477 0.32284432870370366 0.10394965277777773 0.33441840277777773 0.11841724537037035 0.3604600694444444 0.10684317129629628 0.42701099537037035 0.17050057870370366 0.36190682870370366 0.24139178240740738 0.28522858796296297 0.17194733796296297
3 0.36335358796296297 0.06633391203703703 0.4559461805555555 0.0012297453703703498 0.49500868055555547 0.038845486111111105 0.5268373842592592 0.06778067129629628 0.5673466435185185 0.09671585648148145 0.5514322916666666 0.12420428240740738 0.486328125 0.16471354166666663 0.44871238425925924 0.17194733796296297 0.3980758101851852 0.12999131944444442
3 0.8393373842592592 0.18641493055555552 0.8769531249999999 0.14445891203703703 0.9131221064814814 0.18641493055555552 0.9825665509259258 0.12275752314814814 0.998046875 0.140625 0.9970341435185184 0.18641493055555552 0.972439236111111 0.22258391203703703 0.927589699074074 0.27466724537037035
3 0.7366174768518517 0.28190104166666663 0.8306568287037036 0.20522280092592587 0.8972077546296295 0.28190104166666663 0.8190827546296295 0.34266493055555547
3 0.8581452546296295 0.47721354166666663 0.7887008101851851 0.5336371527777777 0.8494646990740741 0.6045283564814814 0.9232494212962963 0.5423177083333333
3 0.8610387731481481 0.47142650462962954 0.9189091435185185 0.4092158564814814 0.994140625 0.4815538194444444 0.9189091435185185 0.5307436342592592
2 0.8711660879629629 0.6378038194444444 0.9825665509259258 0.5394241898148148 0.998046875 0.59765625 0.972439236111111 0.7000144675925926 0.9478443287037036 0.7086950231481481
