3 0.790946365248227 0.28072362588652483 0.8546653368794327 0.254404920212766 0.9086879432624114 0.37768727836879434 0.9169991134751774 0.39292442375886527 0.8214206560283689 0.44556183510638303 0.806183510638298 0.4150875443262412 0.8338874113475178 0.40539117907801425
3 0.8602061170212767 0.25717531028368795 0.9266954787234043 0.23362699468085107 0.987644060283688 0.3652205230496455 0.9156139184397164 0.39292442375886527
0 0.5111369680851064 0.4912732712765958 0.5402260638297872 0.5425254875886525 0.45988475177304966 0.6034740691489362 0.40863253546099293 0.6242519946808511 0.3712322695035461 0.5605330230496455
2 0.2728834219858156 0.4981992464539008 0.4917442375886525 0.3970800088652483 0.5319148936170213 0.46079898049645396 0.3158244680851064 0.5702293882978724
2 0.004155585106382979 0.7669270833333334 0.18838652482269505 0.6990525265957447 0.2825797872340426 0.9927138741134753 0.45018838652482274 0.9608543882978724 0.4681959219858156 0.9940990691489362 0.06648936170212766 0.9940990691489362
3 0.792331560283688 0.844498005319149 0.8518949468085106 0.8902094414893618 0.788175975177305 0.9774767287234043 0.7189162234042553 0.9289949024822695
3 0.7203014184397164 0.7780086436170214 0.7757092198581561 0.823720079787234 0.6995234929078015 0.9192985372340425 0.6399601063829787 0.8625055407801419 0.7022938829787234 0.7849346187943262
3 0.6455008865248227 0.7142896719858156 0.7133754432624114 0.7600011081560284 0.6191821808510639 0.8763574911347518 0.5540780141843972 0.84588320035461
0 0.579011524822695 0.6574966755319149 0.6427304964539008 0.7309120124113476 0.5388408687943262 0.7821642287234043 0.49589982269503546 0.7253712322695036
3 0.5471520390070922 0.5729997783687943 0.587322695035461 0.6297927748226951 0.46681072695035464 0.7073636968085106 0.4349512411347518 0.6685782358156028 0.4169437056737589 0.6824301861702128 0.403091755319149 0.65057070035461 0.4488031914893617 0.6256371897163121 0.45988475177304966 0.6311779698581561
3 0.8463541666666667 0.8888242464539007 0.9073027482269505 0.9262245124113475 0.857421875 0.998046875 0.788175975177305 0.9774767287234043
2 0.995955230496454 0.6228667996453902 0.9114583333333334 0.7212156471631206 0.9710217198581561 0.7669270833333334 0.9973404255319149 0.7198304521276596
2 0.7078346631205674 0.5175919769503546 0.8228058510638299 0.453873005319149 0.8643617021276596 0.4912732712765958 0.7673980496453902 0.5993184840425533
2 0.7770944148936171 0.5826961436170213 0.8768284574468086 0.5078956117021277 0.9336214539007093 0.5716145833333334 0.806183510638298 0.656111480496454
