0 0.059895833333333315 0.2114438657407407 0.08015046296296297 0.22735821759259256 0.1076388888888889 0.19263599537037035 0.08304398148148145 0.18395543981481477
0 0.11921296296296297 0.15212673611111105 0.12210648148148145 0.23169849537037035 0.1597222222222222 0.22157118055555547 0.1626157407407407 0.2085503472222222 0.17708333333333331 0.2085503472222222 0.17563657407407407 0.15212673611111105
0 0.02662037037037035 0.1391059027777778 0.02662037037037035 0.19263599537037035 0.07291666666666663 0.18829571759259256 0.07436342592592593 0.14055266203703698 0.009259259259259245 0.14055266203703698
0 0.20023148148148145 0.14778645833333326 0.19733796296296297 0.22591145833333326 0.23495370370370366 0.22591145833333326 0.22771990740740738 0.14923321759259256
0 0.19444444444444442 0.15212673611111105 0.25665509259259256 0.14923321759259256 0.2696759259259259 0.20131655092592593 0.25665509259259256 0.2085503472222222 0.2364004629629629 0.2085503472222222 0.2364004629629629 0.19118923611111105 0.203125 0.19118923611111105
0 0.25376157407407407 0.14633969907407407 0.3246527777777778 0.14344618055555547 0.3217592592592592 0.22880497685185186 0.2711226851851852 0.21723090277777768
0 0.3232060185185185 0.14199942129629628 0.3984375 0.1391059027777778 0.3984375 0.23603877314814814 0.33622685185185186 0.23314525462962954
0 0.4013310185185185 0.23459201388888884 0.4722222222222222 0.23459201388888884 0.4765625 0.1318721064814814 0.4447337962962963 0.1318721064814814 0.4447337962962963 0.18395543981481477 0.4013310185185185 0.18106192129629628
0 0.4751157407407407 0.23893229166666663 0.5416666666666666 0.23893229166666663 0.5387731481481481 0.14055266203703698 0.4794560185185185 0.134765625
0 0.5387731481481481 0.24182581018518512 0.6125578703703703 0.24182581018518512 0.6154513888888888 0.14778645833333326 0.5489004629629629 0.14199942129629628
0 0.6183449074074073 0.22591145833333326 0.6863425925925926 0.23025173611111105 0.6848958333333333 0.1376591435185185 0.6241319444444444 0.14055266203703698
0 0.6921296296296295 0.24182581018518512 0.761574074074074 0.24037905092592593 0.7572337962962963 0.1289785879629629 0.689236111111111 0.134765625
0 0.7630208333333333 0.23459201388888884 0.8107638888888888 0.23459201388888884 0.8107638888888888 0.1333188657407407 0.7644675925925926 0.15791377314814814
0 0.833912037037037 0.23025173611111105 0.8903356481481481 0.23025173611111105 0.8903356481481481 0.1391059027777778 0.8310185185185184 0.1391059027777778
0 0.984375 0.22157118055555547 0.9308449074074074 0.22157118055555547 0.9366319444444444 0.19552951388888884 0.8932291666666665 0.19552951388888884 0.9019097222222221 0.1391059027777778 0.9945023148148147 0.14199942129629628
0 0.0020254629629629373 0.30837673611111105 0.08304398148148145 0.30837673611111105 0.08304398148148145 0.41833043981481477 0.0020254629629629373 0.41833043981481477
0 0.10908564814814814 0.3242910879629629 0.18576388888888884 0.3242910879629629 0.18576388888888884 0.4038628472222222 0.10908564814814814 0.4038628472222222
0 0.18865740740740738 0.3199508101851851 0.2769097222222222 0.3199508101851851 0.2769097222222222 0.4125434027777777 0.18865740740740738 0.4125434027777777
0 0.3275462962962963 0.3213975694444444 0.38686342592592593 0.3213975694444444 0.38686342592592593 0.4024160879629629 0.3275462962962963 0.4024160879629629
0 0.3940972222222222 0.296802662037037 0.4678819444444444 0.296802662037037 0.4678819444444444 0.4038628472222222 0.3940972222222222 0.4038628472222222
0 0.46064814814814814 0.30114293981481477 0.5387731481481481 0.30114293981481477 0.5387731481481481 0.4096498842592592 0.46064814814814814 0.4096498842592592
0 0.5373263888888888 0.31127025462962954 0.611111111111111 0.31127025462962954 0.611111111111111 0.4038628472222222 0.5373263888888888 0.4038628472222222
0 0.6096643518518517 0.2953559027777777 0.6979166666666666 0.2953559027777777 0.6979166666666666 0.3980758101851851 0.6096643518518517 0.3980758101851851
0 0.6964699074074073 0.30258969907407407 0.812210648148148 0.30258969907407407 0.812210648148148 0.4096498842592592 0.6964699074074073 0.4096498842592592
0 0.8208912037037037 0.30114293981481477 0.8802083333333333 0.30114293981481477 0.8802083333333333 0.38650173611111105 0.8208912037037037 0.38650173611111105
0 0.8917824074074074 0.3242910879629629 0.9670138888888888 0.3242910879629629 0.9670138888888888 0.38216145833333326 0.8917824074074074 0.38216145833333326
0 0.00347222222222221 0.43279803240740733 0.0685763888888889 0.43279803240740733 0.0685763888888889 0.5167100694444444 0.00347222222222221 0.5167100694444444
0 0.11776620370370366 0.42411747685185175 0.203125 0.42411747685185175 0.203125 0.5065827546296295 0.11776620370370366 0.5065827546296295
0 0.21035879629629628 0.42701099537037035 0.3232060185185185 0.42701099537037035 0.3232060185185185 0.5196035879629629 0.21035879629629628 0.5196035879629629
0 0.32899305555555547 0.43135127314814814 0.4027777777777778 0.43135127314814814 0.4027777777777778 0.5138165509259258 0.32899305555555547 0.5138165509259258
0 0.4027777777777778 0.42556423611111105 0.46354166666666663 0.42556423611111105 0.46354166666666663 0.5210503472222222 0.4027777777777778 0.5210503472222222
0 0.46209490740740733 0.42411747685185175 0.5431134259259259 0.42411747685185175 0.5431134259259259 0.5210503472222222 0.46209490740740733 0.5210503472222222
0 0.5445601851851851 0.4110966435185185 0.6009837962962963 0.4110966435185185 0.6009837962962963 0.5152633101851851 0.5445601851851851 0.5152633101851851
0 0.5980902777777777 0.4082031249999999 0.6791087962962963 0.4082031249999999 0.6791087962962963 0.5297309027777777 0.5980902777777777 0.5297309027777777
0 0.6834490740740741 0.4154369212962963 0.7456597222222222 0.4154369212962963 0.7456597222222222 0.5210503472222222 0.6834490740740741 0.5210503472222222
0 0.7471064814814814 0.41688368055555547 0.812210648148148 0.41688368055555547 0.812210648148148 0.5007957175925926 0.7471064814814814 0.5007957175925926
0 0.8136574074074074 0.4096498842592592 0.8816550925925926 0.4096498842592592 0.8816550925925926 0.5007957175925926 0.8136574074074074 0.5007957175925926
0 0.8773148148148147 0.4024160879629629 0.9684606481481481 0.4024160879629629 0.9684606481481481 0.5109230324074073 0.8773148148148147 0.5109230324074073
0 0.3883101851851851 0.5977285879629628 0.46832997311827956 0.5977285879629628 0.46832997311827956 0.7274025537634408 0.3883101851851851 0.7274025537634408
0 0.5185185185185185 0.5948350694444444 0.59375 0.5948350694444444 0.59375 0.687427662037037 0.5185185185185185 0.687427662037037
0 0.5951967592592592 0.5962818287037037 0.6718749999999999 0.5962818287037037 0.6718749999999999 0.7033420138888888 0.5951967592592592 0.7033420138888888
0 0.6704282407407407 0.5774739583333333 0.7586805555555555 0.5774739583333333 0.7586805555555555 0.7091290509259258 0.6704282407407407 0.7091290509259258
0 0.7514467592592592 0.5803674768518519 0.8151041666666665 0.5803674768518519 0.8151041666666665 0.6961082175925926 0.7514467592592592 0.6961082175925926
0 0.8078703703703703 0.648365162037037 0.8802083333333333 0.648365162037037 0.8802083333333333 0.7149160879629628 0.8078703703703703 0.7149160879629628
0 0.8946759259259258 0.6064091435185184 0.9742476851851851 0.6064091435185184 0.9742476851851851 0.6888744212962963 0.8946759259259258 0.6888744212962963
0 0.8917824074074074 0.7163628472222221 0.9670138888888888 0.7163628472222221 0.9670138888888888 0.7380642361111109 0.8917824074074074 0.7380642361111109
0 0.878761574074074 0.7279369212962963 0.9597800925925926 0.7279369212962963 0.9597800925925926 0.8161892361111109 0.878761574074074 0.8161892361111109
0 0.812210648148148 0.7178096064814814 0.8888888888888888 0.7178096064814814 0.8888888888888888 0.8335503472222221 0.812210648148148 0.8335503472222221
0 0.7442129629629629 0.7395109953703702 0.8093171296296295 0.7395109953703702 0.8093171296296295 0.8248697916666665 0.7442129629629629 0.8248697916666665
0 0.6805555555555555 0.7366174768518519 0.7456597222222222 0.7366174768518519 0.7456597222222222 0.837890625 0.6805555555555555 0.837890625
0 0.5980902777777777 0.7395109953703702 0.6820023148148148 0.7395109953703702 0.6820023148148148 0.8306568287037037 0.5980902777777777 0.8306568287037037
0 0.5387731481481481 0.7438512731481481 0.6082175925925926 0.7438512731481481 0.6082175925925926 0.8393373842592591 0.5387731481481481 0.8393373842592591
0 0.46209490740740733 0.7395109953703702 0.5402199074074073 0.7395109953703702 0.5402199074074073 0.8335503472222221 0.46209490740740733 0.8335503472222221
0 0.3926504629629629 0.7424045138888888 0.46354166666666663 0.7424045138888888 0.46354166666666663 0.843677662037037 0.3926504629629629 0.843677662037037
0 0.0671296296296296 0.8972077546296295 0.16796875 0.8972077546296295 0.16796875 0.998046875 0.0671296296296296 0.998046875
0 0.17129629629629628 0.9001012731481481 0.2725694444444444 0.9001012731481481 0.2725694444444444 0.9926938657407407 0.17129629629629628 0.9926938657407407
0 0.38541666666666663 0.9001012731481481 0.484375 0.9001012731481481 0.484375 0.998046875 0.38541666666666663 0.998046875
0 0.5373263888888888 0.9044415509259258 0.6015625 0.9044415509259258 0.6015625 0.998046875 0.5373263888888888 0.998046875
0 0.482349537037037 0.9058883101851851 0.5358796296296295 0.9058883101851851 0.5358796296296295 0.994140625 0.482349537037037 0.994140625
0 0.33333333333333326 0.9001012731481481 0.38252314814814814 0.9001012731481481 0.38252314814814814 0.9840133101851851 0.33333333333333326 0.9840133101851851
0 0.6053240740740741 0.9029947916666665 0.6733217592592592 0.9029947916666665 0.6733217592592592 0.9926938657407407 0.6053240740740741 0.9926938657407407
0 0.677662037037037 0.8972077546296295 0.7398726851851851 0.8972077546296295 0.7398726851851851 0.9955873842592591 0.677662037037037 0.9955873842592591
0 0.7398726851851851 0.9044415509259258 0.8203125 0.9044415509259258 0.8203125 0.998046875 0.7398726851851851 0.998046875
0 0.8252314814814814 0.9087818287037037 0.8686342592592593 0.9087818287037037 0.8686342592592593 0.9926938657407407 0.8252314814814814 0.9926938657407407
0 0.8888888888888888 0.9044415509259258 0.9467592592592591 0.9044415509259258 0.9467592592592591 0.9955873842592591 0.8888888888888888 0.9955873842592591
0 0.0312954215116279 0.8259144864341085 0.0 0.82421875 0.0010144137596899139 0.7502119670542635 0.041136749031007724 0.7524830426356589 0.041136749031007724 0.7933624031007752 0.026753270348837177 0.7933624031007752
0 0.03356649709302323 0.5972928779069767 0.05476320251937983 0.5995639534883721 0.05779130329457366 0.6343871124031008 0.03810864825581395 0.6351441375968992
0 0.001771438953488358 0.9001029554263565 0.06536155523255816 0.8970748546511628 0.06157642926356588 0.9962451550387597 0.01171875 0.998046875
0 0.45992943548387094 0.604544690860215 0.5229334677419355 0.604544690860215 0.5229334677419355 0.7253024193548386 0.45992943548387094 0.7253024193548386
0 0.27826780913978494 0.9038138440860215 0.333984375 0.9038138440860215 0.333984375 0.998046875 0.27826780913978494 0.998046875
0 0.9482106854838709 0.9017137096774193 0.99609375 0.9017137096774193 0.99609375 0.998046875 0.9482106854838709 0.998046875
