0 0.16431183510638298 0.004155585106382979 0.25157912234042545 0.18804022606382978 0.4541638962765957 0.08518949468085106 0.41572473404255317 0.0020777925531914893
0 0.0032829122340425343 0.07376163563829786 0.008477393617021267 0.08830618351063829 0.03133311170212766 0.07480053191489361 0.054188829787233994 0.11116190159574467 0.03237200797872336 0.12778424202127658 0.0635388962765957 0.20362367021276595 0.0 0.23046875
0 0.001205119680851019 0.23167386968085105 0.13626163563829785 0.17972905585106383 0.22041223404255317 0.3220578457446808 0.19651761968085102 0.33140791223404253 0.208984375 0.36049700797872336 0.0 0.45703125 0.0 0.228515625
0 0.14353390957446804 0.4030917553191489 0.20482878989361697 0.5277593085106382 0.008477393617021267 0.6191821808510638 0.0 0.603515625 0.0 0.470703125
0 0.15600066489361697 0.6378823138297872 0.17158410904255317 0.6825548537234042 0.04795545212765956 0.7438497340425532 0.014710771276595702 0.6950216090425532
0 0.31910738031914887 0.5568484042553191 0.22145113031914887 0.594248670212766 0.2744348404255319 0.7137217420212766 0.37936336436170204 0.6846326462765957
0 0.36066323138297873 0.4259474734042553 0.28690159574468077 0.4664644281914893 0.08951130319148931 0.03636136968085106 0.16327293882978722 0.004155585106382979
0 0.46143617021276595 0.0862283909574468 0.24846243351063824 0.1890791223404255 0.3710521941489361 0.43529753989361697 0.5840259308510638 0.3521858377659574
0 0.36274102393617014 0.4301030585106383 0.28170711436170204 0.479970079787234 0.38040226063829785 0.6742436835106382 0.6473986037234042 0.728266289893617 0.6692154255319148 0.634765625 0.4022190824468085 0.5869763962765957 0.41156914893617014 0.5038646941489361
0 0.4188414228723404 0.4934757313829787 0.40014128989361697 0.5838597074468085 0.5549368351063829 0.6119099069148936 0.5705202792553191 0.5152925531914894
0 0.5892204122340425 0.39685837765957444 0.5559757313829786 0.6129488031914894 0.6744099069148937 0.6316489361702128 0.717004654255319 0.42906416223404253
0 0.7429770611702127 0.4145196143617021 0.6712932180851063 0.715799534574468 0.8458277925531914 0.7344996675531914 0.8936170212765957 0.431141954787234 0.7544049202127658 0.4145196143617021
0 0.9279005984042552 0.43841422872340424 0.8977726063829787 0.43841422872340424 0.8520611702127658 0.7438497340425532 0.9725731382978722 0.7376163563829787
0 0.9954288563829787 0.4373753324468085 0.9341339760638296 0.4363364361702127 0.9486785239361701 0.6846326462765957 0.998046875 0.6875 0.998046875 0.439453125
0 0.16846742021276595 0.7667054521276595 0.13210605053191488 0.8352726063829786 0.18612865691489355 0.8861785239361701 0.21833444148936165 0.8726728723404255 0.3907912234042553 0.9963015292553191 0.419921875 0.998046875 0.4562416888297872 0.9609790558510638 0.3700132978723404 0.8778673537234042 0.47701961436170204 0.7542386968085106 0.38248005319148937 0.6929438164893617
0 0.510264295212766 0.7573553856382979 0.5113031914893617 0.8435837765957447 0.6619431515957446 0.8404670877659574 0.6640209441489361 0.7552775930851063
0 0.8354388297872339 0.7989112367021276 0.6692154255319148 0.8041057180851063 0.6816821808510638 0.9921459441489361 0.8479055851063828 0.9890292553191489
0 0.8977726063829787 0.8155335771276595 0.9943899601063828 0.8061835106382979 0.998046875 0.970703125 0.9975066489361701 0.9973404255319148 0.9133560505319147 0.9963015292553191
0 0.8323221409574468 0.008311170212765957 0.8312832446808509 0.04259474734042553 0.7398603723404256 0.04259474734042553 0.7221991356382977 0.04467253989361702 0.7232380319148934 0.25037400265957444 0.8769946808510638 0.2566073803191489 0.8832280585106382 0.2649185505319149 0.998046875 0.267578125 0.9975066489361701 0.05090591755319149 0.9756898271276595 0.048828125 0.9559507978723403 0.04571143617021276 0.9559507978723403 0.0020777925531914893
