2 0.18197307180851063 0.4114029255319149 0.1123670212765957 0.42906416223404253 0.11340591755319146 0.45711436170212766 0.12691156914893614 0.479970079787234 0.18924534574468077 0.4654255319148936 0.1944398271276595 0.4529587765957446 0.18508976063829785 0.44153091755319146
2 0.06977227393617019 0.48724235372340424 0.018866356382978677 0.4862034574468085 0.017827460106382975 0.537109375 0.060422207446808485 0.5443816489361701
2 0.05107214095744678 0.630610039893617 0.01574966755319146 0.6274933510638298 0.02198304521276595 0.68359375 0.05938331117021273 0.6783992686170213
2 0.2557347074468085 0.4539976728723404 0.2931349734042553 0.4539976728723404 0.2889793882978723 0.5049035904255319 0.2609291888297872 0.5090591755319148 0.24950132978723405 0.4862034574468085
2 0.43338597074468077 0.3719248670212766 0.36377992021276595 0.378158244680851 0.3710521941489361 0.48412566489361697 0.453125 0.48308676861702127
2 0.5497423537234042 0.32101894946808507 0.5300033244680851 0.3511469414893617 0.5081865026595744 0.35322473404255317 0.5123420877659574 0.3958194813829787 0.5798703457446808 0.38543051861702127 0.5798703457446808 0.37608045212765956
2 0.5310422207446808 0.4280252659574468 0.46455285904255317 0.443608710106383 0.4707862367021276 0.5121758643617021 0.5435089760638298 0.5049035904255319
2 0.6255817819148936 0.4030917553191489 0.5694813829787233 0.4197140957446808 0.5850648271276595 0.47373670212765956 0.6463597074468085 0.4602310505319149
2 0.15703956117021273 0.5412649601063829 0.14976728723404253 0.6067154255319148 0.19859541223404253 0.6212599734042553 0.2110621675531914 0.5495761303191489
2 0.404296875 0.532953789893617 0.34923537234042545 0.528798204787234 0.3440408909574467 0.6160654920212766 0.39910239361702127 0.6233377659574467
2 0.7679105718085106 0.4010139627659574 0.6951878324468084 0.41867519946808507 0.7190824468085106 0.492436835106383 0.7866107047872339 0.4726978058510638
2 0.814660904255319 0.2898520611702127 0.7616771941489362 0.288813164893617 0.7720661569148934 0.35322473404255317
2 0.2609291888297872 0.5797041223404255 0.24015126329787229 0.622298869680851 0.2879404920212766 0.6472323803191489 0.33469082446808507 0.5973653590425532
2 0.08951130319148931 0.8155335771276595 0.10613364361702127 0.8976063829787233 0.16431183510638298 0.8903341090425532 0.14872839095744678 0.8020279255319148
2 0.08535571808510634 0.8113779920212766 0.013671875 0.8228058510638298 0.045877659574468044 0.9142287234042553 0.10613364361702127 0.8955285904255319
2 0.042760970744680826 0.9183843085106382 0.008477393617021267 0.9443567154255319 0.0 0.927734375 0.001205119680851019 0.825922539893617 0.012632978723404242 0.8228058510638298
2 0.1279504654255319 0.7126828457446808 0.054188829787233994 0.7209940159574467 0.06146110372340424 0.7552775930851063 0.13937832446808507 0.7480053191489361
2 0.5071476063829786 0.5381482712765957 0.44273603723404253 0.5360704787234042 0.43234707446808507 0.6191821808510638 0.49260305851063824 0.6191821808510638 0.5289644281914893 0.5433427526595744
2 0.5653257978723404 0.5828208111702128 0.49468085106382975 0.6441156914893617 0.4884474734042553 0.6815159574468085 0.582987034574468 0.671126994680851
2 0.6390874335106382 0.5963264627659574 0.5881815159574467 0.6046376329787234 0.5912982047872339 0.6555435505319148 0.6411652260638298 0.6399601063829787
2 0.33469082446808507 0.6991771941489361 0.34611868351063824 0.7438497340425532 0.3596243351063829 0.7386552526595744 0.3710521941489361 0.7625498670212766 0.41260804521276595 0.7625498670212766 0.4188414228723404 0.7002160904255319
2 0.7928440824468084 0.5277593085106382 0.7242769281914894 0.5381482712765957 0.7346658909574468 0.5838597074468085 0.8105053191489362 0.5703540558510638
2 0.717004654255319 0.561003989361702 0.6609042553191489 0.5848986037234042 0.6796043882978722 0.6254155585106382 0.7346658909574468 0.6056765292553191
2 0.8905003324468084 0.5516539228723404 0.8707613031914894 0.49763131648936165 0.8021941489361701 0.5121758643617021 0.814660904255319 0.5672373670212766
2 0.9954288563829787 0.492436835106383 0.9050448803191489 0.5111369680851063 0.912317154255319 0.5516539228723404 0.9975066489361701 0.5360704787234042
2 0.9840009973404253 0.3324468085106383 0.9112782579787233 0.3542636303191489 0.912317154255319 0.38543051861702127 0.9362117686170213 0.4030917553191489 0.998046875 0.37890625
2 0.8260887632978722 0.39270279255319146 0.7938829787234041 0.4363364361702127 0.8811502659574468 0.48308676861702127 0.9133560505319147 0.4165974069148936
2 0.7575216090425532 0.6077543218085106 0.6962267287234043 0.634765625 0.6889544547872339 0.6461934840425532 0.7097323803191489 0.7012549867021276 0.7814162234042552 0.6825548537234042
2 0.6796043882978722 0.6326878324468085 0.6214261968085106 0.6472323803191489 0.6473986037234042 0.7230718085106382 0.7066156914893615 0.7095661569148936
2 0.6058427526595744 0.6815159574468085 0.6380485372340425 0.6846326462765957 0.6411652260638298 0.7085272606382979 0.6422041223404255 0.7355385638297872 0.6027260638297872 0.7313829787234042
2 0.892578125 0.573470744680851 0.7803773271276595 0.6025598404255319 0.7980385638297871 0.6804770611702127 0.8998503989361701 0.6534657579787234
2 0.990234375 0.6960605053191489 0.9289394946808509 0.7095661569148936 0.9497174202127658 0.7968334441489361 0.9964677526595744 0.7864444813829786
2 0.8364777260638296 0.7978723404255319 0.7762217420212765 0.7760555186170213 0.7762217420212765 0.8820229388297872 0.8375166223404256 0.8851396276595744
2 0.3907912234042553 0.7843666888297872 0.3087184175531914 0.7874833776595744 0.31599069148936165 0.8851396276595744 0.4178025265957447 0.8726728723404255
2 0.5279255319148936 0.8352726063829786 0.49571974734042545 0.8435837765957447 0.501953125 0.9017619680851063 0.48221409574468077 0.9059175531914893 0.49468085106382975 0.9786402925531914 0.5944148936170213 0.972406914893617 0.5777925531914893 0.9121509308510638 0.5528590425531914 0.9059175531914893
2 0.5580535239361701 0.7376163563829787 0.47494182180851063 0.7552775930851063 0.45935837765957444 0.6929438164893617 0.5663646941489361 0.6763214760638298 0.5757147606382979 0.7334607712765957
2 0.6847988696808509 0.764627659574468 0.6131150265957446 0.7822888962765957 0.6307762632978723 0.8591672207446808 0.7149268617021276 0.8456615691489361
2 0.9933510638297871 0.23582945478723402 0.9673786569148934 0.24725731382978722 0.9933510638297871 0.3189411569148936 0.998046875 0.31640625
2 0.4562416888297872 0.7833277925531914 0.41676363031914887 0.78125 0.42611369680851063 0.8280003324468085 0.4552027925531914 0.8124168882978723
2 0.7793384308510638 0.4529587765957446 0.7814162234042552 0.5038646941489361 0.8520611702127658 0.5017869015957447 0.8603723404255319 0.4862034574468085 0.7897273936170213 0.4467253989361702
2 0.7627160904255319 0.49659242021276595 0.7471326462765957 0.49659242021276595 0.7502493351063828 0.5184092420212766 0.7720661569148934 0.5142536569148936
2 0.5611702127659574 0.7635887632978723 0.49156416223404253 0.7635887632978723 0.47909740691489355 0.7854055851063829 0.49468085106382975 0.813455784574468 0.49364195478723394 0.8321559175531914 0.5549368351063829 0.8342337101063829
2 0.6203873005319148 0.9568234707446808 0.656748670212766 0.9557845744680851 0.6515541888297872 0.9246176861702127 0.6629820478723404 0.9183843085106382 0.6588264627659574 0.8986452792553191 0.6390874335106382 0.9121509308510638 0.6110372340425532 0.9183843085106382
2 0.14561170212765956 0.5558095079787234 0.10509474734042551 0.5485372340425532 0.09990026595744678 0.594248670212766 0.13937832446808507 0.5984042553191489
2 0.8780335771276595 0.8612450132978723 0.9351728723404256 0.8456615691489361 0.8998503989361701 0.6648936170212766 0.814660904255319 0.6846326462765957
2 0.6920711436170213 0.7750166223404255 0.7481715425531914 0.7718999335106382 0.7731050531914894 0.813455784574468 0.7305103058510638 0.8331948138297872
2 0.4229970079787233 0.9121509308510638 0.4718251329787233 0.9048786569148936 0.4874085771276595 0.9744847074468085 0.43130817819148937 0.9817569813829786
2 0.05314993351063829 0.009350066489361701 0.05730551861702127 0.0581781914893617 0.14145611702127658 0.043633643617021274 0.12898936170212766 0.003116688829787234
2 0.060422207446808485 0.15687333776595744 0.0 0.154296875 0.0 0.21875 0.0625 0.21297373670212766
2 0.0032829122340425343 0.2669963430851064 0.05003324468085102 0.32517453457446804 0.0 0.35546875
2 0.306640625 0.8716339760638298 0.2588513962765957 0.8778673537234042 0.26924035904255317 0.7833277925531914 0.3045628324468085 0.7822888962765957
2 0.0074384973404255095 0.7344996675531914 0.03964428191489361 0.8072224069148936 0.0 0.8125
2 0.9517952127659575 0.2545295877659574 0.8832280585106382 0.28465757978723405 0.9175116356382977 0.34387466755319146 0.9798454122340425 0.3282912234042553
2 0.9715342420212765 0.40932513297872336 0.912317154255319 0.42906416223404253 0.9008892952127658 0.49451462765957444 0.9258228058510638 0.49451462765957444 0.9964677526595744 0.48100897606382975 0.9975066489361701 0.40828623670212766
2 0.36585771276595735 0.9090342420212766 0.33469082446808507 0.964095744680851 0.3107962101063829 0.9859125664893617 0.306640625 0.998046875 0.39453125 0.998046875 0.3762466755319148 0.9069564494680851
2 0.9964677526595744 0.9163065159574467 0.9569896941489362 0.9308510638297872 0.986328125 0.998046875 0.998046875 0.998046875
2 0.9445229388297871 0.9277343749999999 0.978515625 0.998046875 0.873046875 0.998046875 0.8541389627659575 0.9557845744680851
