2 0.5155829973118279 0.29372479838709675 0.6027385752688171 0.269573252688172 0.6436911962365591 0.37142977150537626 0.5680863575268816 0.4018817204301075
1 0.6058887768817204 0.2538222446236559 0.684643817204301 0.23492103494623656 0.7350470430107526 0.3451780913978494 0.6489415322580645 0.3735299059139785
3 0.7339969758064516 0.20341901881720426 0.8033014112903225 0.19186827956989244 0.8316532258064516 0.30632560483870963 0.7991011424731183 0.311575940860215 0.7865003360215054 0.2884744623655914 0.768649193548387 0.2958249327956989
3 0.6940944220430108 0.4438844086021505 0.7602486559139785 0.42708333333333326 0.8064516129032258 0.5551915322580645 0.7161458333333333 0.562542002688172
0 0.7875504032258064 0.37773017473118276 0.8442540322580645 0.36302923387096775 0.8904569892473118 0.5247395833333333 0.8001512096774193 0.5520413306451613 0.7801999327956989 0.4722362231182795 0.8043514784946236 0.464885752688172
2 0.6058887768817204 0.5142389112903225 0.6520917338709677 0.5005880376344085 0.6867439516129031 0.5856434811827956 0.6100890456989247 0.6108450940860215 0.6016885080645161 0.5803931451612903 0.6216397849462365 0.5698924731182795
1 0.5617859543010753 0.46173555107526876 0.6058887768817204 0.450184811827957 0.6237399193548386 0.4974378360215054 0.6016885080645161 0.5089885752688171 0.5922379032258064 0.4921875 0.572286626344086 0.4995379704301075
1 0.4116263440860215 0.3157762096774194 0.49458165322580644 0.29372479838709675 0.5239835349462365 0.4029317876344086 0.4651797715053763 0.4165826612903225 0.4420782930107527 0.3462281586021505 0.4231770833333333 0.3577788978494624
3 0.7770497311827956 0.3661794354838709 0.7423975134408601 0.33572748655913975 0.7633988575268816 0.2947748655913978 0.824302755376344 0.30737567204301075
0 0.5880376344086021 0.4071320564516129 0.6489415322580645 0.3871807795698925 0.6583921370967741 0.42708333333333326 0.6111391129032258 0.43968413978494625
2 0.13755880376344085 0.7683551747311828 0.16801075268817203 0.7599546370967741 0.16696068548387097 0.7431535618279569 0.1827116935483871 0.7368531586021505 0.1827116935483871 0.7200520833333333 0.2026629704301075 0.7179519489247311 0.1911122311827957 0.6423471102150538 0.15646001344086022 0.6496975806451613 0.15120967741935484 0.6213457661290323 0.11760752688172042 0.6276461693548386 0.09345598118279569 0.6307963709677419
2 0.09660618279569892 0.8807123655913978 0.21736391129032256 0.840809811827957 0.25936659946236557 0.994119623655914 0.23046875 0.998046875 0.208984375 0.998046875
3 0.7949008736559139 0.954217069892473 0.7654989919354839 0.98046875 0.7591985887096774 0.9731182795698925 0.708984375 0.998046875 0.6363407258064516 0.9416162634408602 0.6573420698924731 0.9164146505376343 0.6436911962365591 0.8922631048387095 0.6751932123655914 0.8597110215053763 0.7108954973118279 0.8922631048387095 0.7182459677419355 0.871261760752688
3 0.7938508064516129 0.940566196236559 0.893607190860215 0.8796622983870968 0.8190524193548386 0.7872563844086021 0.7171959005376344 0.840809811827957
3 0.8285030241935484 0.7694052419354839 0.935609879032258 0.7179519489247311 0.9797127016129031 0.8009072580645161 0.8841565860215054 0.8481602822580645
1 0.5617859543010753 0.7505040322580645 0.6468413978494624 0.7316028225806451 0.6751932123655914 0.829259072580645 0.6111391129032258 0.841859879032258 0.6048387096774194 0.7988071236559139 0.5743867607526881 0.8051075268817204
1 0.9461105510752688 0.3094758064516129 0.9114583333333333 0.2160198252688172 0.998046875 0.1875 0.9965137768817204 0.2916246639784946
1 0.879956317204301 0.11626344086021506 0.9303595430107526 0.09841229838709675 0.9377100134408601 0.12046370967741932 0.9954637096774193 0.1015625 0.9965137768817204 0.18031754032258063 0.9135584677419354 0.20971942204301075
3 0.8621051747311828 0.015456989247311814 0.8642053091397849 0.07741095430107525 0.8873067876344085 0.10996303763440857 0.9849630376344085 0.07846102150537632 0.998046875 0.046875 0.998046875 0.0
1 0.6877940188172043 0.08371135752688169 0.7465977822580645 0.06481014784946237 0.7203461021505376 0.0018061155913978444 0.6636424731182795 0.004956317204301064
3 0.5901377688172043 0.13726478494623656 0.6667926747311828 0.12151377688172044 0.6489415322580645 0.0007560483870967527 0.543934811827957 0.009156586021505375 0.5880376344086021 0.12361391129032256
3 0.4651797715053763 0.057459677419354815 0.5281838037634409 0.04485887096774191 0.558635752688172 0.15721606182795694 0.4651797715053763 0.17716733870967738 0.4515288978494623 0.12361391129032256 0.47673051075268813 0.11521337365591394
3 0.3391717069892473 0.04800907258064516 0.4032258064516129 0.03435819892473116 0.45047883064516125 0.18661794354838707 0.37802419354838707 0.20551915322580644
2 0.15646001344086022 0.11836357526881719 0.17221102150537634 0.11731350806451613 0.181661626344086 0.13516465053763438 0.22051411290322578 0.1257140456989247 0.22996471774193547 0.1603662634408602 0.250966061827957 0.16141633064516125 0.27616767473118276 0.23072076612903225 0.2152637768817204 0.2454217069892473 0.2247143817204301 0.2947748655913978 0.19006216397849462 0.30527553763440857 0.17956149193548387 0.25907258064516125 0.12180779569892472 0.27587365591397844 0.1281081989247312 0.2947748655913978 0.07245463709677419 0.30107526881720426 0.03885248655913978 0.17716733870967738 0.13440860215053763 0.13621471774193544 0.1606602822580645 0.2244203629032258 0.1911122311827957 0.21181955645161288
0 0.14175907258064516 0.05535954301075269 0.19636256720430106 0.040658602150537626 0.20581317204301075 0.07006048387096775 0.1522597446236559 0.08686155913978494
0 0.016801075268817203 0.11836357526881719 0.06195396505376344 0.10471270161290319 0.053553427419354836 0.06271001344086019 0.09555611559139784 0.05535954301075269 0.08400537634408602 0.0007560483870967527 0.004200268817204301 0.00390625
