3 0.5305296985815603 0.0022994237588652433 0.6191821808510639 0.04939605496453903 0.579011524822695 0.12142619680851063 0.4778922872340426 0.05770722517730498
3 0.46958111702127664 0.05909242021276598 0.5707003546099291 0.11865580673758869 0.5152925531914894 0.18930075354609932 0.42525487588652483 0.13943373226950356
3 0.42109929078014185 0.15882646276595747 0.5042109929078015 0.21423426418439717 0.4584995567375887 0.2710272606382979 0.3698470744680851 0.21423426418439717 0.40863253546099293 0.18930075354609932 0.400321365248227 0.16575243794326244
3 0.3670766843971631 0.22116023936170215 0.44464760638297873 0.2696420656028369 0.389239804964539 0.3527537677304965 0.3088984929078014 0.2890347960992908 0.32967641843971635 0.258560505319149
3 0.31998005319148937 0.30011635638297873 0.397550975177305 0.3527537677304965 0.33937278368794327 0.4012355939716312 0.2631870567375887 0.35552415780141844
1 0.6856715425531915 0.06324800531914895 0.7757092198581561 0.12973736702127658 0.7355385638297873 0.18098958333333337 0.6164117907801419 0.10480385638297873 0.6302637411347518 0.07848515070921988 0.6662788120567377 0.10064827127659576
2 0.6219525709219859 0.12696697695035464 0.7230718085106383 0.1934563386524823 0.6676640070921986 0.24332335992907805 0.5859375 0.18375997340425532
3 0.610871010638298 0.2156194592198582 0.6815159574468086 0.258560505319149 0.6205673758865249 0.32089428191489366 0.5443816489361702 0.254404920212766 0.5665447695035462 0.21146387411347517 0.598404255319149 0.2350121897163121
3 0.5194481382978724 0.28349401595744683 0.6164117907801419 0.3472129875886525 0.5887078900709221 0.3804576684397163 0.5360704787234043 0.34444259751773054 0.5180629432624114 0.36106493794326244 0.48481826241134757 0.33474623226950356 0.4972850177304965 0.3111979166666667 0.5042109929078015 0.31258311170212766
1 0.4751218971631206 0.34444259751773054 0.5734707446808511 0.4137023492907802 0.5180629432624114 0.48850288120567376 0.48343306737588654 0.4815769060283688 0.4543439716312057 0.44971742021276595 0.46265514184397166 0.4247839095744681 0.4197140957446809 0.39430961879432624 0.42386968085106386 0.3749168882978724 0.44049202127659576 0.38322805851063835
3 0.8588209219858156 0.23639738475177308 0.9502437943262412 0.2945755762411348 0.9073027482269505 0.35136857269503546 0.8172650709219859 0.2973459663120568
3 0.8255762411347518 0.3264350620567376 0.9086879432624114 0.38738364361702127 0.8588209219858156 0.448332225177305 0.7646276595744681 0.3749168882978724 0.7964871453900709 0.32504986702127664 0.8131094858156028 0.3042719414893617
1 0.7535460992907802 0.3693761081560284 0.8020279255319149 0.3901540336879433 0.7770944148936171 0.4150875443262412 0.8297318262411348 0.446947030141844 0.789561170212766 0.5023548315602837 0.7203014184397164 0.46079898049645396 0.7410793439716312 0.434480274822695 0.7244570035460993 0.434480274822695
3 0.6939827127659575 0.44417664007092206 0.789561170212766 0.5037400265957447 0.7369237588652483 0.5771553634751774 0.6455008865248227 0.5189771719858156
3 0.6330341312056738 0.5259031471631206 0.7563164893617021 0.6062444592198581 0.7009086879432624 0.6741190159574468 0.579011524822695 0.5923925088652483
3 0.577626329787234 0.5979332890070922 0.6898271276595745 0.6741190159574468 0.6524268617021277 0.7226008421985816 0.6219525709219859 0.7253712322695036 0.6122562056737589 0.7350675975177305 0.5651595744680852 0.7087488918439717 0.587322695035461 0.6865857712765958 0.5526928191489362 0.6671930407801419 0.5333000886524824 0.6644226507092199 0.5305296985815603 0.6381039450354611
3 0.9045323581560284 0.43863585992907805 0.9488585992907802 0.46772495567375894 0.9585549645390071 0.46079898049645396 0.993184840425532 0.4871176861702128 0.9530141843971631 0.5591478280141844 0.9169991134751774 0.5148215868794327 0.8989915780141845 0.5342143173758865 0.8602061170212767 0.5051252216312057 0.8740580673758865 0.4691101507092199
0 0.8338874113475178 0.48988807624113484 0.9405474290780143 0.5633034131205674 0.8892952127659575 0.643644725177305 0.8047983156028369 0.5854665336879433 0.7590868794326242 0.5757701684397164 0.7964871453900709 0.5328291223404256
3 0.7701684397163121 0.5910073138297873 0.8795988475177305 0.6741190159574468 0.8366578014184398 0.7322972074468086 0.7203014184397164 0.65057070035461
3 0.6870567375886525 0.6741190159574468 0.7521609042553192 0.7129044769503546 0.7646276595744681 0.7018229166666667 0.8214206560283689 0.7281416223404256 0.7604720744680852 0.8070977393617021 0.6455008865248227 0.7350675975177305
3 0.6718195921985816 0.7447639627659575 0.7618572695035462 0.8001717641843972 0.7147606382978724 0.8652759308510638 0.6787455673758865 0.8541943705673759 0.6842863475177305 0.843112810283688 0.6510416666666667 0.8251052748226951 0.6607380319148937 0.7600011081560284
3 0.24379432624113476 0.5023548315602837 0.2992021276595745 0.5425254875886525 0.22163120567375888 0.6173260195035462 0.1592974290780142 0.5757701684397164
0 0.30612810283687947 0.5508366578014184 0.3518395390070922 0.5979332890070922 0.2784242021276596 0.6685782358156028 0.22440159574468085 0.6200964095744681
3 0.3476839539007092 0.6145556294326242 0.4183289007092199 0.6907413563829787 0.2992021276595745 0.7613863031914894 0.28119459219858156 0.7378379875886525 0.31028368794326244 0.7239860372340426 0.2798093971631206 0.6907413563829787
3 0.4183289007092199 0.6976673315602837 0.46265514184397166 0.7544603280141845 0.3601507092198582 0.8154089095744681 0.32967641843971635 0.7572307180851064
3 0.4584995567375887 0.7572307180851064 0.5028257978723405 0.8334164450354611 0.41140292553191493 0.8666611258865249 0.3712322695035461 0.8029421542553192
3 0.5139073581560284 0.837572030141844 0.5554632092198581 0.8874390514184398 0.4349512411347518 0.9553136081560285 0.396165780141844 0.9012910017730498
3 0.5596187943262412 0.9040613918439717 0.5762411347517731 0.9497728280141844 0.5596187943262412 0.9802471187943262 0.4709663120567376 0.9940990691489362 0.4418772163120568 0.9470024379432624
2 0.16899379432624115 0.6519558953900709 0.198082890070922 0.6796597960992908 0.2160904255319149 0.6782746010638299 0.22855718085106383 0.7004377216312058 0.15098625886524825 0.7641566932624114 0.10943040780141845 0.7184452570921986 0.0803413120567376 0.6824301861702128 0.10111923758865249 0.6796597960992908 0.13574911347517732 0.6990525265957447
2 0.30058732269503546 0.7890902039007093 0.3116688829787234 0.8112533244680852 0.3019725177304965 0.8195644946808511 0.31028368794326244 0.8528091755319149 0.32413563829787234 0.8528091755319149 0.32552083333333337 0.8708167109929079 0.2631870567375887 0.8915946365248228 0.20362367021276598 0.8348016400709221 0.22578679078014185 0.8140237145390071 0.24240913120567378 0.8057125443262412 0.2590314716312057 0.8167941046099292
3 0.3712322695035461 0.8818982712765957 0.26734264184397166 0.9248393173758866 0.28673537234042556 0.9760915336879434 0.390625 0.9553136081560285 0.4058621453900709 0.9414616578014185
0 0.16483820921985817 0.10203346631205676 0.2507203014184397 0.1449745124113475 0.20777925531914895 0.21700465425531917 0.12189716312056738 0.16436724290780141
3 0.20500886524822695 0.023077349290780147 0.1953125 0.04385527482269505 0.21193484042553193 0.04524046985815605 0.18838652482269505 0.07709995567375888 0.23963874113475178 0.1283521719858156 0.26595744680851063 0.1519004875886525 0.2798093971631206 0.13250775709219859 0.2784242021276596 0.11311502659574468 0.28673537234042556 0.09926307624113476 0.26872783687943264 0.0895667109929078
3 0.10111923758865249 0.15882646276595747 0.199468085106383 0.22116023936170215 0.14544547872340427 0.28210882092198586 0.05540780141843972 0.20592309397163122
0 0.02770390070921986 0.22393062943262415 0.1579122340425532 0.2931903812056738 0.15237145390070922 0.33751662234042556 0.10666001773049646 0.37630208333333337 0.004155585106382979 0.3098127216312057 0.041555851063829786 0.22116023936170215
1 0.004155585106382979 0.08402593085106383 0.02354831560283688 0.10757424645390073 0.08588209219858156 0.1380485372340426 0.0401706560283688 0.20453789893617025 0.002770390070921986 0.17544880319148937
0 0.403091755319149 0.3970800088652483 0.35876551418439717 0.4247839095744681 0.3753878546099291 0.446947030141844 0.38785460992907805 0.4580285904255319 0.3767730496453901 0.47188054078014185 0.4155585106382979 0.48988807624113484 0.4349512411347518 0.5286735372340426 0.46404033687943264 0.5369847074468086 0.5069813829787234 0.4760361258865249 0.43079565602836883 0.40954676418439717
3 0.8255762411347518 0.9054465868794326 0.9419326241134752 0.9913286790780143 0.982103280141844 0.9109873670212767 0.8962211879432624 0.8722019060283688
3 0.8228058510638299 0.9082169769503547 0.9391622340425533 0.9871730939716312 0.892578125 0.998046875 0.8408133865248227 0.9885582890070923 0.8186502659574468 0.9663951684397163 0.8255762411347518 0.9373060726950355
3 0.9696365248226951 0.7724678634751774 0.9100731382978724 0.823720079787234 0.994570035460993 0.8874390514184398 0.998046875 0.8046875
