1 0.22681451612903225 0.4218329973118279 0.23101478494623653 0.28427419354838707 0.004200268817204301 0.2674731182795699 0.0010500672043010752 0.409232190860215
1 0.07140456989247311 0.5656922043010753 0.12390793010752688 0.5656922043010753 0.12390793010752688 0.702200940860215 0.07140456989247311 0.702200940860215
2 0.5575856854838709 0.4764364919354839 0.642641129032258 0.4764364919354839 0.642641129032258 0.5709425403225806 0.5575856854838709 0.5709425403225806
2 0.6268901209677419 0.46908602150537626 0.7045950940860215 0.46908602150537626 0.7045950940860215 0.5289398521505376 0.6268901209677419 0.5289398521505376
2 0.7612987231182795 0.40503192204301075 0.8180023521505376 0.40503192204301075 0.8180023521505376 0.4722362231182795 0.7612987231182795 0.4722362231182795
2 0.795950940860215 0.451234879032258 0.8915070564516129 0.451234879032258 0.8915070564516129 0.5509912634408601 0.795950940860215 0.5509912634408601
2 0.893607190860215 0.4312836021505376 0.9797127016129031 0.4312836021505376 0.9797127016129031 0.5215893817204301 0.893607190860215 0.5215893817204301
2 0.48513104838709675 0.688550067204301 0.5932879704301075 0.688550067204301 0.5932879704301075 0.8208585349462365 0.48513104838709675 0.8208585349462365
2 0.586987567204301 0.6790994623655914 0.6688928091397849 0.6790994623655914 0.6688928091397849 0.813508064516129 0.586987567204301 0.813508064516129
2 0.6384408602150538 0.8397597446236558 0.7297967069892473 0.828209005376344 0.7423975134408601 0.9552671370967742 0.6079889112903225 0.9752184139784945 0.6048387096774194 0.8870127688172043 0.641591061827957 0.8870127688172043
1 0.8400537634408601 0.7914566532258064 0.9020077284946236 0.7935567876344085 0.9093581989247311 0.8954133064516128 0.8474042338709677 0.8996135752688172
2 0.8558047715053763 0.9552671370967742 0.9009576612903225 0.9500168010752688 0.9009576612903225 0.9710181451612903 0.9755124327956989 0.965767809139785 0.970703125 0.998046875 0.84765625 0.998046875
2 0.35912298387096775 0.9153645833333333 0.4284274193548387 0.9206149193548387 0.43367775537634407 0.9909694220430108 0.35492271505376344 0.9909694220430108
2 0.3843245967741935 0.8859627016129032 0.4420782930107527 0.8807123655913978 0.4368279569892473 0.7841061827956989 0.47358030913978494 0.7746555779569892 0.4662298387096774 0.7326528897849461 0.42527721774193544 0.7211021505376344 0.3822244623655914 0.7211021505376344 0.3843245967741935 0.8460601478494623 0.3727738575268817 0.8439600134408602
2 0.6961945564516129 0.5583417338709677 0.7591985887096774 0.5467909946236559 0.7507980510752688 0.5016381048387096 0.7087953629032258 0.5047883064516129 0.7087953629032258 0.520539314516129 0.6877940188172043 0.5215893817204301
