2 0.13436391843971632 0.5078956117021277 0.22301640070921988 0.5134363918439717 0.2174756205673759 0.6644226507092199 0.12605274822695037 0.6630374556737589
3 0.23271276595744683 0.5134363918439717 0.3088984929078014 0.5300587322695036 0.2978169326241135 0.643644725177305 0.22578679078014185 0.65057070035461
3 0.3130540780141844 0.5355995124113475 0.390625 0.5369847074468086 0.389239804964539 0.6741190159574468 0.29089095744680854 0.6713486258865249
3 0.400321365248227 0.5563774379432624 0.48204787234042556 0.5563774379432624 0.4737367021276596 0.642259530141844 0.40170656028368795 0.640874335106383
3 0.46958111702127664 0.5425254875886525 0.5637743794326241 0.5425254875886525 0.5651595744680852 0.6644226507092199 0.5665447695035462 0.7059785017730497 0.4903590425531915 0.6962821365248227 0.5028257978723405 0.661652260638298 0.4945146276595745 0.640874335106383 0.4806626773049646 0.633948359929078
3 0.5748559397163121 0.5342143173758865 0.6787455673758865 0.5425254875886525 0.6593528368794327 0.65057070035461 0.6067154255319149 0.6685782358156028 0.591478280141844 0.6588818705673759
3 0.6759751773049646 0.5619182180851064 0.7577016843971631 0.5771553634751774 0.7147606382978724 0.7212156471631206 0.6427304964539008 0.6990525265957447
3 0.7618572695035462 0.5743849734042553 0.8477393617021277 0.6007036790780143 0.8034131205673759 0.7309120124113476 0.7383089539007093 0.7032081117021277
3 0.8615913120567377 0.6034740691489362 0.9253102836879433 0.646415115248227 0.8809840425531915 0.7766234485815603 0.8089539007092199 0.7309120124113476
0 0.9710217198581561 0.6588818705673759 0.998046875 0.671875 0.9724069148936171 0.7710826684397164 0.9543993794326242 0.7807790336879433 0.9183843085106383 0.7489195478723405 0.9266954787234043 0.7267564273049646 0.9031471631205674 0.7142896719858156 0.9197695035460993 0.6741190159574468 0.9543993794326242 0.6824301861702128
3 0.10804521276595745 0.6838153812056738 0.1800753546099291 0.6907413563829787 0.1800753546099291 0.7045933067375887 0.198082890070922 0.7073636968085106 0.18146054964539007 0.838957225177305 0.09557845744680851 0.8223348847517731
3 0.18838652482269505 0.7350675975177305 0.26180186170212766 0.7516899379432624 0.24794991134751773 0.848653590425532 0.18146054964539007 0.8403424202127661
3 0.28673537234042556 0.7309120124113476 0.32413563829787234 0.7364527925531915 0.3130540780141844 0.7516899379432624 0.3601507092198582 0.7516899379432624 0.3573803191489362 0.844498005319149 0.31028368794326244 0.8348016400709221 0.3130540780141844 0.8583499556737588 0.26872783687943264 0.8541943705673759
3 0.3767730496453901 0.7489195478723405 0.4543439716312057 0.7516899379432624 0.4488031914893617 0.8652759308510638 0.34906914893617025 0.861120345744681
2 0.46265514184397166 0.7101340868794327 0.5554632092198581 0.7253712322695036 0.5277593085106383 0.8818982712765957 0.44741799645390073 0.8638907358156029
3 0.5485372340425532 0.7267564273049646 0.6385749113475178 0.7503047429078015 0.6164117907801419 0.9317652925531916 0.5277593085106383 0.9137577570921986
3 0.6191821808510639 0.8999058067375887 0.6939827127659575 0.9096021719858156 0.7092198581560284 0.829260859929078 0.6344193262411348 0.8084829343971631
3 0.7230718085106383 0.8057125443262412 0.806183510638298 0.836186835106383 0.8075687056737589 0.8735871010638299 0.785405585106383 0.9414616578014185 0.7036790780141844 0.9123725620567376
3 0.8394281914893618 0.7918605939716312 0.9460882092198583 0.8334164450354611 0.9266954787234043 0.8666611258865249 0.9017619680851064 0.8666611258865249 0.8851396276595745 0.9109873670212767 0.837890625 0.998046875 0.792331560283688 0.9871730939716312 0.7632424645390071 0.9566988031914894
1 0.3795434397163121 0.0036846187943262443 0.28119459219858156 0.15605607269503546 0.25210549645390073 0.2350121897163121 0.3310616134751773 0.27933843085106386 0.5222185283687943 0.013380984042553196 0.5000554078014184 0.0009142287234042701 0.47650709219858156 0.0009142287234042701
