1 0.021089480874316946 0.05656591530054644 0.039233265027322384 0.15368852459016394 0.11287568306010926 0.14941939890710382 0.10967383879781417 0.06723872950819672 0.07231898907103823 0.05656591530054644
1 0.2356130464480874 0.03948941256830601 0.24308401639344263 0.15048668032786885 0.29004439890710376 0.14621755464480873 0.28790983606557374 0.038422131147540985
1 0.17797984972677594 0.07577698087431693 0.19078722677595628 0.14728483606557377 0.23774760928961747 0.13767930327868852 0.2302766393442623 0.07577698087431693
1 0.11074112021857924 0.028816598360655737 0.12675034153005466 0.15795765027322403 0.17584528688524587 0.14728483606557377 0.1651724726775956 0.03308572404371585
1 0.299649931693989 0.10886270491803278 0.38396516393442626 0.10352629781420765 0.3796960382513661 0.024547472677595626 0.299649931693989 0.021345628415300546
1 0.3828978825136612 0.12593920765027322 0.4437329234972678 0.12380464480874316 0.4266564207650273 0.0021345628415300544 0.3828978825136612 0.003201844262295082
1 0.4533384562841529 0.12060280054644808 0.5344518442622951 0.09925717213114754 0.5045679644808743 0.003201844262295082 0.43306010928961747 0.0021345628415300544
1 0.53125 0.08004610655737704 0.5846140710382514 0.06510416666666666 0.5654030054644809 0.0010672814207650272 0.5099043715846995 0.004269125683060109
1 0.6806693989071038 0.08004610655737704 0.6913422131147541 0.1323428961748634 0.7756574453551912 0.12167008196721311 0.7713883196721312 0.07684426229508197
1 0.690274931693989 0.14728483606557377 0.7009477459016393 0.18677424863387979 0.7777920081967213 0.18037056010928962 0.7809938524590163 0.13447745901639344
1 0.7960668103448276 0.07435344827586207 0.8041487068965517 0.11610991379310345 0.9375 0.09725215517241381 0.9294181034482759 0.03125
1 0.5802128232758621 0.1390086206896552 0.6004175646551725 0.22252155172413796 0.6569908405172414 0.20770474137931033 0.6408270474137931 0.1228448275862069
1 0.788995150862069 0.18211206896551724 0.7997710129310345 0.24137931034482762 0.8805899784482759 0.22925646551724138 0.867120150862069 0.16594827586206895
1 0.9479391163793104 0.09186422413793105 0.966796875 0.13362068965517243 0.998046875 0.119140625 0.9977774784482758 0.0703125
1 0.910223599137931 0.16864224137931033 0.9156115301724138 0.21982758620689657 0.9748787715517242 0.2036637931034483 0.9708378232758621 0.15786637931034486
1 0.7903421336206897 0.2669719827586207 0.806505926724138 0.3114224137931035 0.8832839439655172 0.2912176724137931 0.867120150862069 0.2494612068965517
1 0.9385102370689655 0.2265625 0.9506330818965517 0.27505387931034486 0.9950835129310345 0.26427801724137934 0.9937365301724139 0.21982758620689657
1 0.884630926724138 0.32623922413793105 0.9075296336206897 0.4326508620689655 0.9950835129310345 0.4057112068965517 0.9789197198275862 0.3087284482758621
1 0.8294046336206897 0.3949353448275862 0.8859779094827587 0.36799568965517243 0.902141702586207 0.43130387931034486 0.8576912715517242 0.45150862068965514
1 0.7297279094827587 0.4838362068965517 0.8118938577586207 0.4717133620689655 0.7903421336206897 0.3599137931034483 0.7351158405172414 0.3706896551724138 0.7405037715517242 0.4366918103448276 0.7270339439655172 0.44746767241379315
1 0.6273572198275862 0.4447737068965517 0.6960533405172414 0.42456896551724144 0.6825835129310345 0.3801185344827587 0.6610317887931034 0.37742456896551724 0.6502559267241379 0.31007543103448276 0.597723599137931 0.32354525862068967
1 0.5950296336206897 0.24676724137931033 0.6637257543103449 0.2306034482758621 0.671807650862069 0.2952586206896552 0.6098464439655172 0.3154633620689655
1 0.4791891163793104 0.23195043103448276 0.5734779094827587 0.2103987068965517 0.6004175646551725 0.3060344827586207 0.5020878232758621 0.3545258620689655
1 0.4037580818965517 0.20501077586206895 0.458984375 0.2009698275862069 0.47784213362068967 0.3195043103448276 0.4131869612068966 0.32354525862068967
1 0.2933054956896552 0.25080818965517243 0.3822063577586207 0.2306034482758621 0.39971713362068967 0.36799568965517243 0.31755118534482757 0.3895474137931034
1 0.32698006465517243 0.4191810344827587 0.33775592672413796 0.560614224137931 0.45090247844827586 0.5457974137931034 0.44147359913793105 0.4542025862068966 0.38894127155172414 0.4528556034482759 0.38894127155172414 0.4191810344827587
1 0.46437230603448276 0.4259159482758621 0.4791891163793104 0.5202047413793104 0.5573141163793104 0.5080818965517242 0.5438442887931034 0.421875
1 0.13840247844827586 0.5067349137931034 0.17881196120689655 0.4973060344827587 0.20844558189655174 0.5875538793103449 0.15052532327586207 0.595635775862069
1 0.002357219827586207 0.6508620689655172 0.046807650862068964 0.6414331896551725 0.03872575431034483 0.5767780172413793 0.005051185344827586 0.5808189655172414
1 0.03468480603448276 0.5242456896551725 0.049501616379310345 0.5767780172413793 0.07374730603448276 0.5875538793103449 0.08048221982758622 0.6373922413793104 0.14244342672413793 0.6320043103448276 0.12762661637931036 0.5673491379310345 0.11550377155172414 0.5686961206896552 0.09260506465517242 0.4757543103448276 0.13301454741379312 0.46228448275862066 0.11819773706896552 0.4030172413793104 0.03468480603448276 0.421875
1 0.15321928879310345 0.22386853448275862 0.17477101293103448 0.32623922413793105 0.2124865301724138 0.32354525862068967 0.20709859913793105 0.30064655172413796 0.23673221982758622 0.28717672413793105 0.23134428879310345 0.22117456896551724
1 0.24481411637931033 0.20501077586206895 0.25558997844827586 0.2696659482758621 0.28522359913793105 0.265625 0.28522359913793105 0.19962284482758624
1 0.13301454741379312 0.22386853448275862 0.14109644396551724 0.3060344827586207 0.006398168103448277 0.3208512931034483 0.005051185344827586 0.22790948275862072
1 0.001010237068965518 0.3504849137931035 0.04007273706896552 0.3477909482758621 0.04141971982758621 0.3935883620689655 0.0037042025862068974 0.40840517241379315
1 0.10068696120689656 0.691271551724138 0.11954471982758622 0.8071120689655172 0.18285290948275862 0.7963362068965517 0.17477101293103448 0.751885775862069 0.2003636853448276 0.7411099137931034 0.19497575431034483 0.6764547413793104
1 0.0 0.716796875 0.06701239224137931 0.7182112068965517 0.06701239224137931 0.7667025862068966 0.025255926724137935 0.7720905172413793 0.03333782327586207 0.8327047413793104 0.001010237068965518 0.8353987068965517
1 0.2677128232758621 0.7545797413793104 0.28791756465517243 0.8273168103448276 0.36334859913793105 0.8030711206896552 0.33640894396551724 0.7276400862068966
1 0.3714304956896552 0.6724137931034483 0.39971713362068967 0.7896012931034483 0.4482085129310345 0.7747844827586207 0.42800377155172414 0.6643318965517242
1 0.43877963362068967 0.6468211206896552 0.4603313577586207 0.7397629310344828 0.5034348060344828 0.7235991379310345 0.48053609913793105 0.638739224137931
1 0.45090247844827586 0.7532327586206897 0.47784213362068967 0.8178879310344828 0.5249865301724138 0.8044181034482759 0.5061287715517242 0.7330280172413793
1 0.5169046336206897 0.730334051724138 0.5330684267241379 0.7842133620689655 0.5950296336206897 0.7707435344827587 0.5788658405172414 0.7195581896551725
1 0.6273572198275862 0.6131465517241379 0.5734779094827587 0.6333512931034483 0.5950296336206897 0.7249461206896552 0.6569908405172414 0.7033943965517242
1 0.675848599137931 0.6171875 0.6893184267241379 0.734375 0.7728313577586207 0.7114762931034483 0.745891702586207 0.599676724137931
1 0.7391567887931034 0.5552262931034483 0.753973599137931 0.6239224137931034 0.7876481681034483 0.6185344827586207 0.7782192887931034 0.5484913793103449
1 0.7970770474137931 0.5296336206896551 0.810546875 0.6171875 0.8617322198275862 0.6037176724137931 0.845568426724138 0.5269396551724138
1 0.8576912715517242 0.5188577586206897 0.871161099137931 0.5592672413793104 0.9748787715517242 0.5350215517241379 0.9641029094827587 0.4892241379310345
1 0.9034886853448276 0.9067887931034484 0.9816136853448276 0.9000538793103448 0.966796875 0.7451508620689655 0.9034886853448276 0.7545797413793104
1 0.8253636853448276 0.8785021551724139 0.8752020474137931 0.865032327586207 0.8617322198275862 0.8192349137931034 0.8199757543103449 0.8273168103448276
1 0.7297279094827587 0.9175646551724139 0.8038119612068966 0.9027478448275863 0.7943830818965517 0.8394396551724138 0.7243399784482759 0.8515625
1 0.6206223060344828 0.8933189655172413 0.6340921336206897 0.9445043103448276 0.6879714439655172 0.9337284482758621 0.675848599137931 0.8798491379310345
1 0.4751481681034483 0.8771551724137931 0.4859240301724138 0.9539331896551724 0.5532731681034483 0.9525862068965518 0.5290274784482759 0.8421336206896552
1 0.5627020474137931 0.9108297413793103 0.5707839439655172 0.9579741379310345 0.6111934267241379 0.9498922413793103 0.6058054956896551 0.9000538793103448
1 0.558661099137931 0.8448275862068966 0.5627020474137931 0.8785021551724139 0.6031115301724138 0.8758081896551724 0.5963766163793104 0.8367456896551725
1 0.5600080818965517 0.8044181034482759 0.5734779094827587 0.8327047413793104 0.6004175646551725 0.825969827586207 0.5909886853448276 0.786907327586207
0 0.22191540948275862 0.8556034482758621 0.3849003232758621 0.825969827586207 0.4212688577586207 0.9674030172413794 0.25 0.998046875
1 0.006398168103448277 0.9269935344827587 0.10876885775862069 0.9175646551724139 0.11415678879310345 0.9970366379310345 0.033203125 0.998046875 0.005051185344827586 0.9956896551724139
1 0.17207704741379312 0.908135775862069 0.16803609913793105 0.9485452586206897 0.22999730603448276 0.9458512931034484 0.22730334051724138 0.9067887931034484
