1 0.7544049202127658 0.24414062499999997 0.7305103058510638 0.24310172872340424 0.7190824468085106 0.27530751329787234 0.7045378989361701 0.2773853058510638 0.6983045212765957 0.3303690159574468 0.7242769281914894 0.3355634973404255 0.7408992686170213 0.35322473404255317 0.7793384308510638 0.3521858377659574 0.7751828457446808 0.26284075797872336
1 0.8562167553191489 0.3937416888297872 0.7668716755319149 0.41555851063829785 0.818816489361702 0.5869763962765957 0.8988115026595744 0.5745096409574467
1 0.9206283244680851 0.5443816489361701 0.9704953457446808 0.5277593085106382 0.9632230718085106 0.48828124999999994 0.8936170212765957 0.49763131648936165
0 0.8873836436170213 0.025972406914893616 0.7637549867021276 0.14752327127659573 0.7367436835106382 0.030127992021276594 0.8562167553191489 0.006233377659574468
0 0.8936170212765957 0.17661236702127658 0.7793384308510638 0.18076795212765956 0.8011552526595744 0.2638796542553191 0.8655668218085106 0.26180186170212766
0 0.8811502659574468 0.2638796542553191 0.8011552526595744 0.26907413563829785 0.8063497340425532 0.3397190824468085 0.9071226728723403 0.3282912234042553
0 0.9175116356382977 0.15687333776595744 0.9455618351063828 0.1953125 0.998046875 0.1875 0.998046875 0.1328125
0 0.5861037234042553 0.059217087765957445 0.5777925531914893 0.15895113031914893 0.672332114361702 0.1631067154255319 0.6744099069148937 0.11220079787234041 0.6505152925531914 0.10804521276595744 0.6494763962765957 0.06648936170212766
0 0.4687084441489361 0.11323969414893616 0.4707862367021276 0.18492353723404253 0.5435089760638298 0.1890791223404255 0.5424700797872339 0.12986203457446807 0.48117519946808507 0.11739527925531915
0 0.4552027925531914 0.27115192819148937 0.45935837765957444 0.39270279255319146 0.5351978058510638 0.38543051861702127 0.5185754654255319 0.2576462765957447
0 0.49571974734042545 0.20777925531914893 0.4998753324468085 0.2566073803191489 0.5653257978723404 0.2649185505319149 0.5549368351063829 0.20674035904255317
1 0.2609291888297872 0.29920212765957444 0.18924534574468077 0.3023188164893617 0.17885638297872342 0.37296376329787234 0.2775515292553191 0.38023603723404253
0 0.41156914893617014 0.25245179521276595 0.3398853058510638 0.25245179521276595 0.3388464095744681 0.37400265957446804 0.4178025265957447 0.37608045212765956
0 0.31806848404255317 0.2701130319148936 0.26612367021276595 0.2732297207446808 0.26820146276595735 0.3490691489361702 0.3440408909574467 0.35010804521276595 0.3440408909574467 0.2638796542553191
0 0.23911236702127658 0.28257978723404253 0.2785904255319148 0.14232878989361702 0.18612865691489355 0.12778424202127658 0.15807845744680848 0.24414062499999997
0 0.16015624999999994 0.19427360372340424 0.09886136968085102 0.1838846409574468 0.06977227393617019 0.2638796542553191 0.15288397606382975 0.2794630984042553
0 0.14353390957446804 0.2908909574468085 0.11444481382978722 0.3553025265957447 0.06873337765957444 0.2815408909574468
0 0.008477393617021267 0.1953125 0.08847240691489361 0.19635139627659573 0.09158909574468083 0.2493351063829787 0.0001662234042553168 0.24414062499999997
0 0.0022440159574467766 0.2534906914893617 0.07185006648936165 0.25972406914893614 0.08120013297872336 0.36880817819148937 0.017827460106382975 0.3719248670212766 0.016788563829787218 0.3189411569148936 0.001205119680851019 0.31998005319148937
0 0.12171708776595741 0.12155086436170212 0.02406083776595741 0.12986203457446807 0.03133311170212766 0.08726728723404255 0.11860039893617019 0.0789561170212766
0 0.06977227393617019 0.003116688829787234 0.07704454787234039 0.06129488031914893 0.15911735372340424 0.059217087765957445 0.16638962765957444 0.003116688829787234
0 0.23391788563829785 0.003116688829787234 0.24846243351063824 0.08415059840425532 0.33365192819148937 0.06856715425531915 0.3253407579787234 0.0020777925531914893
0 0.391830119680851 0.016622340425531915 0.3928690159574467 0.07480053191489361 0.45935837765957444 0.07999501329787234 0.4583194813829786 0.014544547872340425
0 0.0635388962765957 0.426986369680851 0.060422207446808485 0.5298371010638298 0.0 0.53125 0.0 0.42578125
0 0.14145611702127658 0.42906416223404253 0.07081117021276595 0.4207529920212766 0.0625 0.5402260638297872 0.14353390957446804 0.5464594414893617
0 0.25157912234042545 0.431141954787234 0.17885638297872342 0.4238696808510638 0.1778174867021276 0.528798204787234 0.23807347074468077 0.5298371010638298
0 0.306640625 0.4539976728723404 0.22872340425531912 0.4519198803191489 0.23911236702127658 0.5298371010638298 0.32845744680851063 0.5433427526595744 0.3211851728723404 0.45503656914893614
0 0.343001994680851 0.43841422872340424 0.34923537234042545 0.5797041223404255 0.4541638962765957 0.5765874335106382 0.44585272606382975 0.4363364361702127
0 0.44793051861702127 0.4768533909574468 0.4572805851063829 0.5765874335106382 0.5227310505319148 0.5765874335106382 0.5435089760638298 0.5755485372340425 0.55078125 0.4706200132978723
0 0.5819481382978723 0.48100897606382975 0.5788314494680851 0.5547706117021276 0.6120761303191489 0.561003989361702 0.6577875664893617 0.5620428856382979 0.6702543218085105 0.47373670212765956
0 0.7689494680851063 0.4259474734042553 0.7149268617021276 0.43218085106382975 0.7201213430851063 0.5163314494680851 0.7866107047872339 0.5142536569148936 0.7845329122340425 0.42490857712765956
0 0.7273936170212765 0.5215259308510638 0.7305103058510638 0.5547706117021276 0.7159657579787233 0.5547706117021276 0.717004654255319 0.6035987367021276 0.8063497340425532 0.5973653590425532 0.7959607712765957 0.5152925531914894
0 0.06665558510638298 0.5651595744680851 0.016788563829787218 0.5651595744680851 0.010555186170212727 0.6669714095744681 0.08223902925531912 0.6628158244680851 0.07392785904255317 0.5765874335106382
0 0.1373005319148936 0.5672373670212766 0.07392785904255317 0.5672373670212766 0.07808344414893614 0.6742436835106382 0.14249501329787229 0.6721658909574467
0 0.20275099734042545 0.5765874335106382 0.13314494680851063 0.5745096409574467 0.14145611702127658 0.7012549867021276 0.22352892287234039 0.7054105718085106
0 0.28066821808510634 0.5672373670212766 0.23599567819148937 0.5651595744680851 0.22352892287234039 0.6680103058510638 0.2889793882978723 0.6690492021276595
0 0.32949634308510634 0.5537317154255319 0.2744348404255319 0.5547706117021276 0.2744348404255319 0.6409990026595744 0.343001994680851 0.6337267287234042
0 0.34715757978723405 0.5630817819148936 0.35027426861702127 0.634765625 0.36689660904255317 0.6358045212765957 0.3731299867021276 0.561003989361702
0 0.22145113031914887 0.8113779920212766 0.23599567819148937 0.923578789893617 0.3045628324468085 0.9173454122340425 0.28378490691489355 0.8009890292553191
0 0.35546875 0.7822888962765957 0.28482380319148937 0.7937167553191489 0.3035239361702128 0.9079953457446808 0.3752077792553191 0.8976063829787233
0 0.4188414228723404 0.7802111037234042 0.4385804521276595 0.902800864361702 0.37728557180851063 0.9048786569148936 0.3565076462765957 0.78125
0 0.4718251329787233 0.7677443484042553 0.4219581117021276 0.772938829787234 0.43234707446808507 0.8892952127659574 0.5029920212765957 0.8809840425531914
0 0.5435089760638298 0.7594331781914894 0.46351396276595735 0.7708610372340425 0.501953125 0.8768284574468085 0.5642869015957446 0.8633228058510638
0 0.6089594414893617 0.7667054521276595 0.5476645611702127 0.7760555186170213 0.5611702127659574 0.8612450132978723 0.6266206781914893 0.8612450132978723
0 0.672332114361702 0.768783244680851 0.6131150265957446 0.7781333111702127 0.6286984707446808 0.8591672207446808 0.693110039893617 0.8550116356382979
0 0.7346658909574468 0.7428108377659574 0.6692154255319148 0.7531998005319148 0.6941489361702127 0.8560505319148936 0.7627160904255319 0.8425448803191489
0 0.7959607712765957 0.7126828457446808 0.8229720744680851 0.8311170212765957 0.7679105718085106 0.8404670877659574 0.7336269946808509 0.7054105718085106 0.7938829787234041 0.6981382978723404
0 0.8499833776595744 0.7147606382978723 0.794921875 0.7178773271276595 0.8240109707446808 0.8290392287234042 0.8780335771276595 0.825922539893617
0 0.9216672207446808 0.7085272606382979 0.8489444813829787 0.7189162234042553 0.8686835106382977 0.8155335771276595 0.9497174202127658 0.8124168882978723
0 0.9559507978723403 0.9225398936170213 0.8738779920212765 0.9329288563829786 0.8780335771276595 0.9765624999999999 0.9767287234042552 0.9589012632978723
0 0.9684175531914894 0.9609790558510638 0.8749168882978722 0.9713680186170213 0.884765625 0.998046875 0.99609375 0.998046875
0 0.8343999335106382 0.9402011303191489 0.7263547207446808 0.9703291223404255 0.7273936170212765 0.9942237367021276 0.8551778590425532 0.9973404255319148
0 0.5705202792553191 0.2981632313829787 0.5351978058510638 0.3033577127659574 0.5362367021276595 0.36984707446808507 0.5694813829787233 0.3750415558510638
