3 0.8138020833333333 0.0249075940860215 0.8642053091397849 0.16771673387096775 0.9891633064516129 0.13621471774193544 0.9954637096774193 0.00390625
1 0.03885248655913978 0.1950184811827957 0.06615423387096774 0.30632560483870963 0.0031502016129032256 0.3231266801075269 0.011550739247311828 0.19921875
2 0.04620295698924731 0.19396841397849462 0.12495799731182795 0.1740171370967742 0.15751008064516128 0.31367607526881713 0.08610551075268817 0.325226814516129
2 0.13230846774193547 0.17296706989247312 0.22996471774193547 0.1687668010752688 0.237315188172043 0.310525873655914 0.15120967741935484 0.30632560483870963
2 0.22681451612903225 0.15826612903225806 0.3118699596774193 0.15721606182795694 0.3139700940860215 0.3178763440860215 0.23206485215053763 0.32102654569892475
2 0.3097698252688172 0.1603662634408602 0.39482526881720426 0.16141633064516125 0.3822244623655914 0.3084257392473118 0.3171202956989247 0.3157762096774194
2 0.4063760080645161 0.13726478494623656 0.5880376344086021 0.19186827956989244 0.543934811827957 0.3231266801075269 0.3822244623655914 0.2790238575268817
0 0.5848874327956989 0.19606854838709675 0.6615423387096774 0.23072076612903225 0.6163894489247311 0.3472782258064516 0.5397345430107526 0.3168262768817204
2 0.6720430107526881 0.2370211693548387 0.7413474462365591 0.27272345430107525 0.6762432795698924 0.39453125 0.6163894489247311 0.380880376344086
2 0.7623487903225806 0.2905745967741935 0.8316532258064516 0.325226814516129 0.7486979166666666 0.46908602150537626 0.7056451612903225 0.45438508064516125 0.7339969758064516 0.41133232526881713 0.7108954973118279 0.39243111559139787 0.7549983198924731 0.30632560483870963
0 0.8253528225806451 0.3241767473118279 0.8915070564516129 0.35042842741935476 0.8054015456989246 0.5110887096774194 0.7465977822580645 0.493237567204301 0.7507980510752688 0.4627856182795699
2 0.033602150537634407 0.35042842741935476 0.1281081989247312 0.3336273521505376 0.1354586693548387 0.4858870967741935 0.02625168010752688 0.4858870967741935
2 0.13860887096774194 0.311575940860215 0.1858618951612903 0.311575940860215 0.18796202956989247 0.3861307123655914 0.21316364247311828 0.380880376344086 0.2152637768817204 0.451234879032258 0.1270581317204301 0.4564852150537634
2 0.24781586021505375 0.37773017473118276 0.3118699596774193 0.39663138440860213 0.29401881720430106 0.4764364919354839 0.2121135752688172 0.4575352822580645
2 0.3297211021505376 0.395581317204301 0.4168766801075269 0.4344338037634409 0.35807291666666663 0.5163390456989247 0.28561827956989244 0.4995379704301075 0.32867103494623656 0.4071320564516129
2 0.3727738575268817 0.3378276209677419 0.4452284946236559 0.3735299059139785 0.42632728494623656 0.42708333333333326 0.35492271505376344 0.4071320564516129
1 0.3937752016129032 0.283224126344086 0.4515288978494623 0.2947748655913978 0.4420782930107527 0.36197916666666663 0.39167506720430106 0.338877688172043
1 0.32237063172043007 0.31997647849462363 0.3643733198924731 0.32732694892473113 0.34337197580645157 0.39453125 0.30136928763440857 0.38298051075268813
2 0.5281838037634409 0.3441280241935484 0.6058887768817204 0.3787802419354839 0.5890877016129032 0.44073420698924726 0.5113827284946236 0.409232190860215
2 0.45257896505376344 0.4627856182795699 0.4914314516129032 0.49008736559139776 0.42002688172043007 0.5751428091397849 0.376974126344086 0.535240255376344
2 0.5103326612903225 0.48273689516129026 0.5701864919354839 0.5152889784946236 0.5040322580645161 0.6307963709677419 0.4452284946236559 0.5835433467741935
2 0.5670362903225806 0.5457409274193548 0.6300403225806451 0.5856434811827956 0.5817372311827956 0.6822496639784946 0.4998319892473118 0.6549479166666666
2 0.6258400537634409 0.590893817204301 0.6867439516129031 0.6276461693548386 0.6541918682795699 0.7148017473118279 0.5985383064516129 0.6917002688172043 0.628990255376344 0.6444472446236559 0.6132392473118279 0.6286962365591398
2 0.7224462365591398 0.618195564516129 0.7780997983870968 0.632896505376344 0.7486979166666666 0.7431535618279569 0.6877940188172043 0.7263524865591398
2 0.7854502688172043 0.6276461693548386 0.8631552419354839 0.6402469758064516 0.836903561827957 0.7662550403225806 0.7602486559139785 0.7484038978494623
2 0.8726058467741935 0.6654485887096774 0.9167086693548386 0.6759492607526881 0.9030577956989246 0.7893565188172043 0.8610551075268816 0.7841061827956989
1 0.9440104166666666 0.6959005376344085 0.998046875 0.6953125 0.991263440860215 0.8051075268817204 0.9230090725806451 0.7977570564516129
1 0.11235719086021505 0.5793430779569892 0.19321236559139784 0.6150453629032258 0.18061155913978494 0.6580981182795699 0.15751008064516128 0.6486475134408601 0.14700940860215053 0.6801495295698924 0.06825436827956989 0.6580981182795699
2 0.19741263440860213 0.6129452284946236 0.29296875 0.6444472446236559 0.23521505376344085 0.7347530241935484 0.1522597446236559 0.6959005376344085
1 0.27826780913978494 0.6633484543010753 0.3444220430107527 0.71690188172043 0.2982190860215054 0.7746555779569892 0.2247143817204301 0.7568044354838709
2 0.3654233870967742 0.7085013440860215 0.4242271505376344 0.7410534274193548 0.3727738575268817 0.8229586693548387 0.31292002688172044 0.815608198924731 0.30136928763440857 0.7956569220430108 0.3601730510752688 0.6980006720430108
2 0.44102822580645157 0.7526041666666666 0.4914314516129032 0.7935567876344085 0.45257896505376344 0.8481602822580645 0.4662298387096774 0.8660114247311828 0.44102822580645157 0.8943632392473118 0.37382392473118276 0.854460685483871 0.4357778897849462 0.7631048387096774
2 0.5061323924731183 0.7925067204301075 0.5806871639784946 0.8303091397849462 0.5008820564516129 0.9489667338709677 0.4399781586021505 0.9038138440860215 0.501932123655914 0.8030073924731183
0 0.5859375 0.8366095430107527 0.6636424731182795 0.8807123655913978 0.6037886424731183 0.9731182795698925 0.5218834005376344 0.9300655241935483
0 0.6930443548387096 0.8471102150537635 0.7696992607526881 0.9059139784946235 0.670992943548387 0.9888692876344085 0.6163894489247311 0.953167002688172
2 0.7875504032258064 0.8744119623655913 0.9177587365591398 0.9605174731182795 0.8671875 0.998046875 0.7612987231182795 0.9468665994623655
2 0.05670362903225806 0.673849126344086 0.12390793010752688 0.7200520833333333 0.04200268817204301 0.827158938172043 0.0 0.786206317204301
2 0.1186575940860215 0.7274025537634408 0.19741263440860213 0.771505376344086 0.10920698924731183 0.8859627016129032 0.04410282258064516 0.827158938172043
2 0.1858618951612903 0.8114079301075268 0.2457157258064516 0.8439600134408602 0.18691196236559138 0.9311155913978495 0.1186575940860215 0.9017137096774193
2 0.2740675403225806 0.8198084677419355 0.34967237903225806 0.869161626344086 0.23206485215053763 0.9920194892473118 0.16381048387096772 0.938466061827957 0.19216229838709675 0.9027637768817203 0.22366431451612903 0.9090641801075268
3 0.34547211021505375 0.9006636424731183 0.40847614247311825 0.9374159946236558 0.3864247311827957 0.968918010752688 0.3297211021505376 0.9563172043010753 0.31607022849462363 0.9426663306451613
