1 0.376974126344086 0.3745799731182795 0.23416498655913978 0.5331401209677419 0.250966061827957 0.5572916666666666 0.15015961021505375 0.6790994623655914 0.2289146505376344 0.7599546370967741 0.4914314516129032 0.450184811827957 0.49668178763440857 0.437584005376344 0.43367775537634407 0.3745799731182795 0.40112567204301075 0.39453125
1 0.14070900537634407 0.7137516801075269 0.1953125 0.6339465725806451 0.03675235215053763 0.5383904569892473 0.005250336021505376 0.562542002688172 0.0021001344086021504 0.6339465725806451 0.1270581317204301 0.7127016129032258
1 0.13650873655913978 0.2790238575268817 0.053553427419354836 0.31472614247311825 0.06930443548387097 0.34937836021505375 0.1438592069892473 0.3189264112903225
1 0.08715557795698924 0.3577788978494624 0.1060567876344086 0.3871807795698925 0.1648605510752688 0.34832829301075263 0.14280913978494622 0.31367607526881713 0.1018565188172043 0.352528561827957
1 0.7161458333333333 0.47433635752688164 0.7844002016129031 0.44073420698924726 0.8327032930107526 0.5037382392473118 0.7528981854838709 0.5404905913978494
1 0.7549983198924731 0.5457409274193548 0.7801999327956989 0.5940440188172043 0.8495043682795699 0.5583417338709677 0.824302755376344 0.5016381048387096
1 0.768649193548387 0.5919438844086021 0.8012012768817204 0.6433971774193548 0.8757560483870968 0.6255460349462365 0.8474042338709677 0.5646421370967741
1 0.8348034274193548 0.6948504704301075 0.9051579301075269 0.6528477822580645 0.8810063844086021 0.6171454973118279 0.8138020833333333 0.6433971774193548
1 0.893607190860215 0.6507476478494624 0.9314096102150538 0.6391969086021505 0.8306031586021505 0.42708333333333326 0.7886004704301075 0.437584005376344
1 0.8715557795698924 0.7221522177419354 0.963961693548387 0.6811995967741935 0.9923135080645161 0.7337029569892473 0.8988575268817204 0.78515625
1 0.8327032930107526 0.8040574596774193 0.8726058467741935 0.7757056451612903 0.9041078629032258 0.8061575940860215 0.8558047715053763 0.8345094086021505
1 0.6898941532258064 0.03225806451612903 0.7423975134408601 0.1393649193548387 0.8631552419354839 0.09106182795698925 0.814453125 0.0 0.7329469086021505 0.009156586021505375 0.6751932123655914 0.036458333333333315
1 0.8022513440860215 0.23912130376344082 0.8138020833333333 0.27062331989247307 0.7917506720430108 0.2916246639784946 0.7970010080645161 0.310525873655914 0.8390036962365591 0.2947748655913978 0.851604502688172 0.3304771505376344 0.8757560483870968 0.37142977150537626 0.9156586021505376 0.3745799731182795 0.998046875 0.31640625 0.9818128360215054 0.2485719086021505 0.9933635752688171 0.22547043010752688 0.9860131048387096 0.14461525537634407 0.9524109543010753 0.14986559139784944 0.9230090725806451 0.17296706989247312
1 0.01995127688172043 0.535240255376344 0.0640540994623656 0.4995379704301075 0.04935315860215053 0.464885752688172 0.0 0.5037382392473118
1 0.053553427419354836 0.409232190860215 0.10815692204301075 0.38508064516129026 0.08400537634408602 0.3598790322580645 0.02205141129032258 0.3861307123655914
1 0.004200268817204301 0.478536626344086 0.04410282258064516 0.44598454301075263 0.025201612903225805 0.3892809139784946
