0 0.32762096774193544 0.5593918010752688 0.14490927419354838 0.6013944892473118 0.11655745967741934 0.5016381048387096 0.09660618279569892 0.48903729838709675 0.0031502016129032256 0.006006384408602128 0.28246807795698925 0.0007560483870967527 0.3811743951612903 0.4417842741935484 0.28246807795698925 0.4554351478494624
0 0.09830729166666666 0.505859375 0.10481770833333334 0.5540364583333334 0.004557291666666671 0.5670572916666666 0.0 0.541015625 0.0 0.5234375
0 0.06315104166666666 0.564453125 0.07747395833333334 0.6217447916666666 0.14778645833333331 0.6048177083333334 0.12174479166666666 0.5514322916666666
0 0.6647135416666666 0.48893229166666663 0.7337239583333334 0.48372395833333337 0.7467447916666666 0.5631510416666666 0.6790364583333334 0.572265625
0 0.7415364583333334 0.400390625 0.8639322916666666 0.384765625 0.888671875 0.541015625 0.7662760416666666 0.5540364583333334
0 0.8287760416666666 0.19205729166666663 0.888671875 0.19205729166666663 0.9029947916666667 0.35481770833333337 0.845703125 0.35611979166666663
0 0.560546875 0.814453125 0.587890625 0.9225260416666667 0.6334635416666666 0.923828125 0.6360677083333334 0.8899739583333333 0.7532552083333334 0.8626302083333333 0.7428385416666666 0.7884114583333333
0 0.630859375 0.9264322916666667 0.646484375 0.998046875 0.998046875 0.998046875 0.998046875 0.966796875 0.8756510416666666 0.8444010416666667 0.634765625 0.8912760416666667
0 0.5852864583333334 0.994140625 0.556640625 0.8782552083333333 0.20377604166666669 0.9303385416666667 0.025390625 0.998046875 0.58203125 0.998046875
0 0.9459635416666667 0.5983072916666666 0.998046875 0.56640625 0.9967447916666667 0.626953125
