1 0.0888879654255319 0.1319398271276596 0.0005817819148936088 0.13401761968085107 0.012009640957446832 0.23894614361702127 0.09616023936170215 0.2347905585106383
1 0.08951130319148931 0.13609541223404253 0.10093916223404253 0.23894614361702127 0.17366190159574468 0.2327127659574468 0.16638962765957444 0.12882313829787234
1 0.16638962765957444 0.13297872340425532 0.1767785904255319 0.23063497340425532 0.2588513962765957 0.22544049202127658 0.25261801861702127 0.12362865691489361
1 0.2557347074468085 0.12466755319148935 0.2598902925531914 0.22440159574468083 0.3398853058510638 0.22232380319148934 0.3378075132978723 0.11947307180851063
1 0.41676363031914887 0.1163563829787234 0.3378075132978723 0.11531748670212766 0.3440408909574467 0.22024601063829785 0.42923038563829785 0.21609042553191488 0.42715259308510634 0.11220079787234041
1 0.4240359042553191 0.10908410904255318 0.43234707446808507 0.2119348404255319 0.5050698138297872 0.2119348404255319 0.49364195478723394 0.1070063164893617
1 0.5944148936170213 0.10908410904255318 0.49779753989361697 0.1070063164893617 0.5081865026595744 0.22232380319148934 0.5964926861702127 0.22024601063829785
1 0.6640209441489361 0.10388962765957446 0.5923371010638298 0.10388962765957446 0.5933759973404255 0.1973902925531915 0.6702543218085105 0.1932347074468085
1 0.7408992686170213 0.09973404255319149 0.6671376329787233 0.10285073138297872 0.672332114361702 0.1890791223404255 0.7533660239361701 0.18700132978723402
1 0.8302443484042552 0.09765625 0.7450548537234043 0.09869514627659574 0.7564827127659575 0.20154587765957446 0.8479055851063828 0.2005069813829787
1 0.8967337101063828 0.09661735372340426 0.8323221409574468 0.09453956117021275 0.8489444813829787 0.1724567819148936 0.9092004654255319 0.16726230053191488
1 0.9923121675531914 0.08415059840425532 0.8956948138297871 0.09142287234042552 0.9112782579787233 0.17349567819148934 0.998046875 0.16796875
1 0.103016954787234 0.2649185505319149 0.008477393617021267 0.2576462765957447 0.023021941489361708 0.39893617021276595 0.10925033244680848 0.39685837765957444
1 0.17470079787234039 0.25972406914893614 0.10717253989361697 0.26180186170212766 0.111328125 0.38023603723404253 0.19132313829787229 0.3771193484042553 0.18612865691489355 0.2545295877659574
1 0.26300698138297873 0.2493351063829787 0.19132313829787229 0.25245179521276595 0.19132313829787229 0.3708859707446808 0.2713181515957447 0.36984707446808507
1 0.343001994680851 0.24725731382978722 0.26716256648936165 0.24725731382978722 0.26716256648936165 0.3771193484042553 0.34611868351063824 0.3812749335106383
1 0.4178025265957447 0.2462184175531915 0.34715757978723405 0.24725731382978722 0.34611868351063824 0.36673038563829785 0.4240359042553191 0.36673038563829785
1 0.5029920212765957 0.239985039893617 0.4219581117021276 0.24206283244680848 0.4250748005319148 0.36049700797872336 0.5092253989361701 0.3563414228723404
1 0.5933759973404255 0.23582945478723402 0.5040309175531914 0.239985039893617 0.5133809840425532 0.3563414228723404 0.6016871675531914 0.35010804521276595
1 0.6785654920212765 0.22855718085106383 0.5996093749999999 0.22959607712765956 0.6068816489361701 0.3563414228723404 0.6889544547872339 0.3511469414893617
1 0.7523271276595744 0.22544049202127658 0.6858377659574468 0.22855718085106383 0.6879155585106382 0.3521858377659574 0.7668716755319149 0.3469913563829787
1 0.8364777260638296 0.22544049202127658 0.7554438164893615 0.22959607712765956 0.7606382978723403 0.35738031914893614 0.8447888962765957 0.3553025265957447
1 0.9237450132978722 0.21505152925531915 0.8427111037234041 0.22232380319148934 0.8510222739361701 0.35010804521276595 0.9310172872340425 0.345952460106383
1 0.9216672207446808 0.21297373670212766 0.998046875 0.21484375 0.998046875 0.341796875 0.9268617021276595 0.34075797872340424
1 0.09366688829787234 0.48828124999999994 0.0022440159574467766 0.4986702127659574 0.012632978723404242 0.6326878324468085 0.10509474734042551 0.6285322473404255
1 0.17366190159574468 0.49451462765957444 0.09262799202127658 0.5007480053191489 0.10509474734042551 0.6139876994680851 0.18093417553191482 0.6171043882978723
1 0.25157912234042545 0.49970910904255317 0.18301196808510634 0.49970910904255317 0.19132313829787229 0.6150265957446808 0.26300698138297873 0.6108710106382979
1 0.3274185505319148 0.48828124999999994 0.26924035904255317 0.48828124999999994 0.2744348404255319 0.573470744680851 0.3440408909574467 0.5661984707446808
1 0.42611369680851063 0.48412566489361697 0.3409242021276595 0.48412566489361697 0.3419630984042553 0.6119099069148936 0.43234707446808507 0.5952875664893617
1 0.5050698138297872 0.475814494680851 0.43026928191489355 0.4789311835106383 0.4375415558510638 0.5921708776595744 0.5144198803191489 0.5838597074468085
1 0.5964926861702127 0.47165890957446804 0.49883643617021267 0.475814494680851 0.5196143617021276 0.5848986037234042 0.6058427526595744 0.5786652260638298
1 0.6702543218085105 0.46750332446808507 0.5912982047872339 0.4726978058510638 0.6110372340425532 0.5765874335106382 0.6847988696808509 0.5765874335106382
1 0.7481715425531914 0.46230884308510634 0.6796043882978722 0.4664644281914893 0.6899933510638296 0.573470744680851 0.7689494680851063 0.5745096409574467
1 0.8416722074468084 0.45088098404255317 0.7523271276595744 0.46126994680851063 0.7772606382978722 0.5755485372340425 0.8603723404255319 0.573470744680851
1 0.9923121675531914 0.4633477393617021 0.9289394946808509 0.4654255319148936 0.9299783909574468 0.5308759973404255 0.998046875 0.533203125 0.998046875 0.4609375
1 0.9237450132978722 0.4664644281914893 0.8520611702127658 0.4695811170212766 0.8603723404255319 0.5402260638297872 0.9206283244680851 0.5402260638297872
1 0.06561668882978722 0.6659325132978723 0.0 0.66796875 0.0 0.7734375 0.06561668882978722 0.7677443484042553
1 0.14041722074468083 0.675282579787234 0.06665558510638298 0.6680103058510638 0.06977227393617019 0.756316489361702 0.151845079787234 0.7573553856382979
1 0.22041223404255317 0.658660239361702 0.15496176861702127 0.6638547207446808 0.15288397606382975 0.7521609042553191 0.23599567819148937 0.7459275265957447
1 0.3087184175531914 0.6503490691489361 0.23599567819148937 0.6482712765957447 0.2432679521276595 0.7459275265957447 0.31806848404255317 0.7355385638297872
1 0.39390791223404253 0.6461934840425532 0.31287400265957444 0.6472323803191489 0.3232629654255319 0.7376163563829787 0.3419630984042553 0.7594331781914894 0.4063746675531914 0.7531998005319148
1 0.48013630319148937 0.6108710106382979 0.4344248670212766 0.6108710106382979 0.41053025265957444 0.6358045212765957 0.4198803191489361 0.7594331781914894 0.49364195478723394 0.7521609042553191
1 0.5445478723404255 0.6358045212765957 0.4874085771276595 0.6368434175531914 0.49675864361702127 0.724110704787234 0.5632480053191489 0.7272273936170213
1 0.6411652260638298 0.6025598404255319 0.5674035904255319 0.6025598404255319 0.5777925531914893 0.7490442154255319 0.656748670212766 0.7417719414893617
1 0.7440159574468084 0.6212599734042553 0.6484374999999999 0.6285322473404255 0.6588264627659574 0.7376163563829787 0.7429770611702127 0.7334607712765957
1 0.8208942819148934 0.6191821808510638 0.7398603723404256 0.6254155585106382 0.7408992686170213 0.715799534574468 0.8343999335106382 0.7095661569148936
1 0.8842669547872339 0.6191821808510638 0.8156998005319149 0.6181432845744681 0.8375166223404256 0.6991771941489361 0.8967337101063828 0.7033327792553191
1 0.9798454122340425 0.5921708776595744 0.8988115026595744 0.6015209441489361 0.9071226728723403 0.6524268617021276 0.916472739361702 0.724110704787234 0.998046875 0.724609375
1 0.03237200797872336 0.8924119015957446 0.0022440159574467766 0.8944896941489361 0.0032829122340425343 0.9963015292553191 0.05730551861702127 0.9973404255319148
1 0.1508061835106383 0.8809840425531914 0.07392785904255317 0.8903341090425532 0.07496675531914893 0.9776013962765957 0.1611951462765957 0.9859125664893617
1 0.22976230053191482 0.8778673537234042 0.15496176861702127 0.87890625 0.1674285239361702 0.984873670212766 0.23807347074468077 0.9817569813829786
1 0.31806848404255317 0.8778673537234042 0.22976230053191482 0.8830618351063829 0.23911236702127658 0.9609790558510638 0.3263796542553191 0.959940159574468
1 0.39806349734042545 0.8737117686170213 0.3222240691489361 0.8737117686170213 0.33261303191489355 0.9890292553191489 0.40949135638297873 0.9796791888297872
1 0.4863696808510638 0.874750664893617 0.4084524601063829 0.8778673537234042 0.41156914893617014 0.9765624999999999 0.4905252659574467 0.9692902260638298
1 0.5684424867021276 0.8529338430851063 0.49571974734042545 0.8570894281914893 0.501953125 0.9526678856382979 0.5736369680851063 0.9505900930851063
1 0.6453208111702127 0.8467004654255319 0.5767536569148936 0.8529338430851063 0.5798703457446808 0.9505900930851063 0.6629820478723404 0.9422789228723404
1 0.721160239361702 0.8394281914893617 0.6505152925531914 0.8467004654255319 0.656748670212766 0.9713680186170213 0.7336269946808509 0.9692902260638298 0.7315492021276595 0.838389295212766
1 0.8240109707446808 0.8477393617021276 0.7377825797872339 0.8435837765957447 0.7523271276595744 0.972406914893617 0.8333610372340425 0.9589012632978723
1 0.8977726063829787 0.8435837765957447 0.8302443484042552 0.8467004654255319 0.8312832446808509 0.9661735372340425 0.9081615691489362 0.964095744680851
1 0.9704953457446808 0.825922539893617 0.9081615691489362 0.830078125 0.9154338430851063 0.9630568484042552 0.9840009973404253 0.9609790558510638
1 0.9746509308510638 0.8290392287234042 0.9954288563829787 0.830078125 0.9964677526595744 0.9682513297872339 0.9850398936170213 0.9672124335106382
