3 0.6125341530054644 0.003201844262295082 0.6178705601092895 0.052296789617486336 0.7416752049180328 0.05656591530054644 0.7427424863387977 0.0053364071038251365
3 0.7491461748633879 0.006403688524590164 0.755549863387978 0.06510416666666666 0.8985655737704918 0.057633196721311473 0.8900273224043715 0.0010672814207650272
3 0.7438097677595628 0.057633196721311473 0.7448770491803278 0.1291410519125683 0.6328125 0.1323428961748634 0.6189378415300546 0.06190232240437158
3 0.754482581967213 0.1323428961748634 0.755549863387978 0.21772540983606556 0.63708162568306 0.21772540983606556 0.6317452185792349 0.13447745901639344
3 0.7576844262295082 0.13554474043715847 0.754482581967213 0.21772540983606556 0.8793545081967213 0.21345628415300547 0.8878927595628414 0.1334101775956284
3 0.7598189890710383 0.21238900273224043 0.7608862704918031 0.29136782786885246 0.6498890027322404 0.29563695355191255 0.6434853142076502 0.22092725409836064 0.7491461748633879 0.21665812841530055
3 0.8003756830601092 0.21025443989071038 0.7993084016393441 0.27108948087431695 0.8953637295081966 0.2700221994535519 0.8900273224043715 0.21238900273224043
3 0.754482581967213 0.29456967213114754 0.7672899590163933 0.35967383879781417 0.6488217213114754 0.3639429644808743 0.6413507513661202 0.30310792349726773
0 0.15787226775956287 0.019211065573770492 0.15787226775956287 0.08965163934426229 0.0 0.1015625 0.003116461748633892 0.0234801912568306
3 0.1738814890710383 0.40023053278688525 0.1760160519125683 0.4621328551912568 0.02019296448087432 0.4813439207650273 0.028731215846994507 0.40770150273224043
3 0.4150870901639344 0.6873292349726776 0.4097506830601093 0.7620389344262295 0.5442281420765027 0.7609716530054644 0.5378244535519126 0.6841273907103825
3 0.40014515027322406 0.5165642076502732 0.40548155737704916 0.5998121584699453 0.5314207650273224 0.6008794398907104 0.5260843579234973 0.5144296448087432
3 0.3852032103825136 0.6040812841530054 0.3905396174863388 0.6777237021857924 0.2613985655737705 0.6926656420765027 0.2581967213114754 0.6136868169398907
3 0.8025102459016393 0.5966103142076502 0.8067793715846994 0.6681181693989071 0.947660519125683 0.6553107923497268 0.9391222677595628 0.5955430327868853
3 0.36705942622950816 0.0010672814207650272 0.3766649590163934 0.04269125683060109 0.5015368852459016 0.03415300546448087 0.5004696038251366 0.0021345628415300544
0 0.3820013661202185 0.21025443989071038 0.38413592896174864 0.2774931693989071 0.5271516393442622 0.2646857923497268 0.5068732923497268 0.1995816256830601
0 0.8985655737704918 0.2806950136612022 0.7886355874316939 0.2860314207650273 0.7961065573770492 0.36180840163934425 0.9209784836065573 0.3554047131147541
0 0.904969262295082 0.509093237704918 0.8099812158469946 0.5133623633879781 0.8099812158469946 0.58807206284153 0.9231130464480874 0.5859375 0.9188439207650272 0.510160519125683
3 0.6594945355191257 0.5112278005464481 0.785433743169399 0.508025956284153 0.7865010245901638 0.5848702185792349 0.6552254098360656 0.5955430327868853
0 0.7822318989071038 0.5976775956284153 0.8025102459016393 0.6777237021857924 0.6605618169398906 0.6851946721311475 0.6573599726775956 0.6040812841530054
0 0.8014429644808743 0.6830601092896175 0.8121157786885245 0.7556352459016393 0.6584272540983607 0.7631062158469945 0.6605618169398906 0.6809255464480874
0 0.8046448087431695 0.8186048497267759 0.8121157786885245 0.9050546448087431 0.674436475409836 0.9114583333333333 0.6776383196721312 0.820739412568306
0 0.8025102459016393 0.9157274590163934 0.8078466530054644 0.9754952185792349 0.6819074453551912 0.97869706284153 0.6765710382513661 0.9189293032786885
0 0.9327185792349726 0.6691854508196721 0.8057120901639343 0.6681181693989071 0.8067793715846994 0.7513661202185792 0.9348531420765027 0.740693306010929
0 0.9241803278688525 0.7481642759562841 0.9337858606557377 0.8260758196721311 0.7993084016393441 0.8303449453551912 0.8121157786885245 0.740693306010929
0 0.9337858606557377 0.8314122267759563 0.946593237704918 0.8890454234972677 0.8174521857923496 0.9050546448087431 0.8089139344262295 0.8314122267759563 0.949795081967213 0.8282103825136612
0 0.9337858606557377 0.8965163934426229 0.9391222677595628 0.9541495901639344 0.8131830601092895 0.9626878415300546 0.8238558743169397 0.900785519125683
0 0.9369877049180326 0.9594859972677595 0.8259904371584699 0.9680242486338797 0.83203125 0.998046875 0.9529969262295082 0.9968408469945355
0 0.7630208333333333 0.4407872267759563 0.7672899590163933 0.49521857923497264 0.6520235655737705 0.5112278005464481 0.6477544398907104 0.44932547814207646
0 0.3574538934426229 0.06190232240437158 0.24965846994535512 0.06937329234972678 0.2421875 0.006403688524590164 0.3553193306010929 0.0010672814207650272
0 0.3638575819672131 0.06296960382513661 0.3852032103825136 0.14194842896174864 0.24965846994535512 0.14301571038251365 0.24325478142076495 0.06403688524590163
0 0.3638575819672131 0.1440829918032787 0.38413592896174864 0.2081198770491803 0.2507257513661202 0.2187926912568306 0.24965846994535512 0.15368852459016394
0 0.38093408469945356 0.2155908469945355 0.3937414617486339 0.29136782786885246 0.26246584699453546 0.2977715163934426 0.2581967213114754 0.2230618169398907
0 0.3542520491803278 0.29883879781420764 0.24859118852459017 0.3020406420765027 0.2592640027322404 0.38208674863387976 0.3766649590163934 0.3639429644808743 0.37239583333333326 0.29670423497267756
0 0.38627049180327866 0.36074112021857924 0.3926741803278688 0.431181693989071 0.26566769125683054 0.45252732240437155 0.2646004098360656 0.37354849726775957
0 0.3798668032786885 0.4461236338797814 0.3937414617486339 0.5176314890710383 0.280609631147541 0.5240351775956283 0.2784750683060109 0.4578637295081967
0 0.3937414617486339 0.5165642076502732 0.24859118852459017 0.5261697404371585 0.2688695355191256 0.5912739071038251 0.3884050546448087 0.5848702185792349
0 0.3958760245901639 0.6873292349726776 0.399077868852459 0.7705771857923497 0.2752732240437158 0.7759135928961748 0.2720713797814207 0.7012038934426229
0 0.5239497950819672 0.4407872267759563 0.5324880464480874 0.510160519125683 0.401212431693989 0.5112278005464481 0.40334699453551914 0.43224897540983603
0 0.40868340163934425 0.7919228142076502 0.4129525273224044 0.8452868852459016 0.5452954234972677 0.8335467896174863 0.5420935792349726 0.7641734972677595 0.41935621584699445 0.7801827185792349
0 0.4129525273224044 0.8452868852459016 0.43536543715846987 0.9253329918032787 0.5378244535519126 0.9093237704918032 0.5452954234972677 0.8388831967213114
0 0.4076161202185792 0.7769808743169399 0.4150870901639344 0.8484887295081966 0.282744193989071 0.8538251366120219 0.2870133196721312 0.78338456284153
0 0.4044142759562841 0.8495560109289617 0.2752732240437158 0.859161543715847 0.27100409836065575 0.9210638661202185 0.42255806010928953 0.9221311475409836
0 0.557035519125683 0.35967383879781417 0.3766649590163934 0.3639429644808743 0.40014515027322406 0.430114412568306 0.5549009562841529 0.4418545081967213
0 0.5218152322404371 0.2774931693989071 0.5346226092896175 0.353270150273224 0.399077868852459 0.36180840163934425 0.39480874316939885 0.28709870218579236
0 0.1760160519125683 0.4781420765027322 0.1845543032786885 0.547515368852459 0.026596653005464488 0.5485826502732241 0.03620218579234974 0.4781420765027322
0 0.1898907103825136 0.5581881830601093 0.19629439890710376 0.6190232240437158 0.024462090163934413 0.6328978825136612 0.019125683060109255 0.5464480874316939
0 0.18882342896174864 0.6275614754098361 0.05114412568306009 0.6382342896174863 0.05434596994535518 0.7140112704918032 0.20696721311475408 0.7033384562841529
0 0.19736168032786883 0.7161458333333333 0.20483265027322406 0.7705771857923497 0.06288422131147542 0.7897882513661202 0.060749658469945345 0.7140112704918032
0 0.1952271174863388 0.7769808743169399 0.203765368852459 0.8516905737704917 0.05434596994535518 0.8698343579234973 0.0660860655737705 0.7887209699453551
0 0.1792178961748634 0.862363387978142 0.1813524590163934 0.9285348360655737 0.07462431693989069 0.938140368852459 0.0703551912568306 0.8826417349726776
0 0.18348702185792343 0.9413422131147541 0.08102800546448086 0.9552168715846994 0.08203125 0.998046875 0.20803449453551914 0.9979081284153005 0.203765368852459 0.9456113387978141
0 0.15787226775956287 0.31698258196721313 0.03940403005464477 0.3265881147540983 0.033000341530054655 0.40556693989071035 0.16854508196721307 0.3948941256830601
0 0.14933401639344263 0.2422728825136612 0.028731215846994507 0.24867657103825136 0.035134904371584674 0.31378073770491804 0.1557377049180328 0.31698258196721313
0 0.16320867486338797 0.15902493169398907 0.035134904371584674 0.16969774590163933 0.028731215846994507 0.24120560109289615 0.14826673497267756 0.23800375683060107
0 0.15146857923497264 0.10032445355191257 0.15787226775956287 0.15902493169398907 0.016991120218579236 0.16542862021857924 0.013789275956284153 0.0981898907103825
0 0.3884050546448087 0.9264002732240437 0.3884050546448087 0.9915044398907104 0.29341700819672134 0.9904371584699453 0.2859460382513661 0.9306693989071038
