3 0.11635638297872342 0.016151374113475198 0.15237145390070922 0.0743295656028369 0.05540780141843972 0.13389295212765961 0.01800753546099291 0.0743295656028369 0.10388962765957448 0.023077349290780147
3 0.1565270390070922 0.08679632092198583 0.18561613475177305 0.14358931737588654 0.09557845744680851 0.1906859485815603 0.06787455673758866 0.14220412234042556 0.08726728723404256 0.1352781471631206 0.07757092198581561 0.12004100177304966
3 0.23271276595744683 0.255790115248227 0.26180186170212766 0.3167386968085107 0.12743794326241137 0.3624501329787234 0.11912677304964539 0.3305906471631206 0.1412898936170213 0.32227947695035464 0.12743794326241137 0.2890347960992908
3 0.2562610815602837 0.34167220744680854 0.28396498226950356 0.40400598404255317 0.18977171985815605 0.442791445035461 0.17314937943262412 0.4081615691489362 0.19392730496453903 0.3956948138297872 0.19392730496453903 0.3624501329787234 0.2701130319148936 0.34028701241134757
3 0.3158244680851064 0.4247839095744681 0.34629875886524825 0.4815769060283688 0.20639406028368795 0.5300587322695036 0.18423093971631208 0.5023548315602837 0.20362367021276598 0.49542885638297873 0.199468085106383 0.46218417553191493
2 0.3518395390070922 0.48434729609929084 0.386469414893617 0.5716145833333334 0.23825354609929078 0.6159408244680852 0.21332003546099293 0.5439106826241135 0.28673537234042556 0.5245179521276596 0.28535017730496454 0.5051252216312057
3 0.3753878546099291 0.5854665336879433 0.393395390070922 0.6381039450354611 0.34214317375886527 0.65057070035461 0.3504543439716312 0.6755042109929078 0.3172096631205674 0.6810449911347518 0.3130540780141844 0.6574966755319149 0.2825797872340426 0.6727338209219859 0.26595744680851063 0.6242519946808511
2 0.40724734042553196 0.6755042109929078 0.4321808510638298 0.7309120124113476 0.30751329787234044 0.7655418882978724 0.2964317375886525 0.7226008421985816
1 0.4377216312056738 0.7378379875886525 0.4681959219858156 0.8084829343971631 0.3781582446808511 0.837572030141844 0.3546099290780142 0.7890902039007093 0.38508421985815605 0.7780086436170214 0.3809286347517731 0.7558455230496455
2 0.2950465425531915 0.7974013741134752 0.33937278368794327 0.7821642287234043 0.38508421985815605 0.8694315159574468 0.32413563829787234 0.8818982712765957
3 0.019392730496453903 0.3278202570921986 0.07618572695035461 0.3749168882978724 0.04294104609929078 0.40954676418439717 0.06094858156028369 0.434480274822695 0.030474290780141845 0.47880651595744683 0.002770390070921986 0.48988807624113484
3 0.054022606382978726 0.48850288120567376 0.11912677304964539 0.5577626329787234 0.04571143617021277 0.6145556294326242 0.004155585106382979 0.5411402925531915
3 0.09003767730496455 0.7281416223404256 0.15514184397163122 0.7974013741134752 0.09003767730496455 0.8528091755319149 0.029089095744680854 0.7821642287234043
3 0.196697695035461 0.851423980496454 0.2368683510638298 0.9386912677304966 0.09375 0.998046875 0.002770390070921986 0.9940990691489362 0.001385195035460993 0.9137577570921986 0.026318705673758866 0.8971354166666667 0.0401706560283688 0.9179133421985817
3 0.6648936170212766 0.7877050088652483 0.7757092198581561 0.8708167109929079 0.7410793439716312 0.9123725620567376 0.6371897163120568 0.83203125
2 0.5665447695035462 0.5300587322695036 0.6704343971631206 0.5993184840425533 0.603945035460993 0.6935117464539008 0.5402260638297872 0.6644226507092199 0.5734707446808511 0.643644725177305 0.5319148936170213 0.6104000443262412 0.5623891843971631 0.5452958776595745
1 0.587322695035461 0.37214649822695034 0.592863475177305 0.3790724734042553 0.584552304964539 0.38876883865248235 0.595633865248227 0.41647273936170215 0.5817819148936171 0.43863585992907805 0.591478280141844 0.46079898049645396 0.5194481382978724 0.4857324911347518 0.4806626773049646 0.42893949468085113 0.5055961879432624 0.42201351950354615 0.49589982269503546 0.40539117907801425 0.5707003546099291 0.3804576684397163
3 0.5429964539007093 0.29596077127659576 0.592863475177305 0.36106493794326244 0.4875886524822695 0.40539117907801425 0.45711436170212766 0.4150875443262412 0.42109929078014185 0.34444259751773054 0.4488031914893617 0.3333610372340426
3 0.5166777482269503 0.21146387411347517 0.5540780141843972 0.27656804078014185 0.44464760638297873 0.31812389184397166 0.4141733156028369 0.253019725177305
3 0.46958111702127664 0.1380485372340426 0.5028257978723405 0.1879155585106383 0.403091755319149 0.23639738475177308 0.3781582446808511 0.1740636081560284
3 0.4335660460992908 0.038314494680851074 0.34629875886524825 0.06186281028368795 0.3546099290780142 0.08264073581560286 0.3352171985815603 0.08818151595744683 0.35599512411347517 0.14358931737588654 0.47650709219858156 0.10203346631205676
3 0.2936613475177305 0.006455008865248246 0.3310616134751773 0.07571476063829788 0.43079565602836883 0.020306959219858173 0.396484375 0.0
3 0.7327681737588653 0.5314439273049646 0.6898271276595745 0.5937777039007093 0.5859375 0.5314439273049646 0.6247229609929078 0.46633976063829796 0.6759751773049646 0.4760361258865249
0 0.6344193262411348 0.41647273936170215 0.7258421985815603 0.5009696365248227 0.8047983156028369 0.3970800088652483 0.7424645390070922 0.3236646719858156 0.6995234929078015 0.3527537677304965 0.7493905141843972 0.4067763741134752 0.7258421985815603 0.42893949468085113 0.6787455673758865 0.3915392287234043 0.6676640070921986 0.39985039893617025 0.6551972517730497 0.3901540336879433
3 0.9433178191489362 0.4247839095744681 0.8920656028368795 0.4760361258865249 0.989029255319149 0.5522218528368795 0.9973404255319149 0.46772495567375894
3 0.8823692375886525 0.4981992464539008 0.99041445035461 0.5646886081560284 0.9419326241134752 0.6256371897163121 0.8421985815602837 0.5466810726950355
3 0.8311170212765958 0.5633034131205674 0.9280806737588653 0.6270223847517731 0.9100731382978724 0.646415115248227 0.9322362588652483 0.6602670656028369 0.8934507978723405 0.7267564273049646 0.8629765070921986 0.6865857712765958 0.8851396276595745 0.6727338209219859 0.793716755319149 0.6034740691489362
3 0.800642730496454 0.628407579787234 0.8768284574468086 0.6948969414893618 0.8394281914893618 0.7378379875886525 0.8172650709219859 0.7433787677304965 0.799257535460993 0.7419935726950355 0.7590868794326242 0.7045933067375887 0.7424645390070922 0.6796597960992908
3 0.7161458333333334 0.7170600620567377 0.79510195035461 0.7710826684397164 0.7646276595744681 0.8278756648936171 0.6732047872340426 0.7696974734042553 0.6995234929078015 0.7350675975177305
3 0.4612699468085107 0.038314494680851074 0.48481826241134757 0.1061890514184397 0.6233377659574468 0.054936835106383 0.595703125 0.0 0.46958111702127664 0.027232934397163122
1 0.48897384751773054 0.10064827127659576 0.5194481382978724 0.16713763297872342 0.6538120567375887 0.12004100177304966 0.6205673758865249 0.052166445035461 0.49867021276595747 0.08679632092198583
2 0.5596187943262412 0.1740636081560284 0.6621232269503546 0.1380485372340426 0.6870567375886525 0.1546708776595745 0.7036790780141844 0.20038231382978727 0.5817819148936171 0.24747894503546103 0.5707003546099291 0.21977504432624118 0.5859375 0.2100786790780142
2 0.5554632092198581 0.253019725177305 0.597019060283688 0.34028701241134757 0.6219525709219859 0.3167386968085107 0.6399601063829787 0.30011635638297873 0.6579676418439717 0.3139683067375887 0.6953679078014184 0.31535350177304966 0.7299977836879433 0.2876496010638298 0.7244570035460993 0.253019725177305 0.7092198581560284 0.2100786790780142
3 0.793716755319149 0.0009142287234042701 0.8865248226950355 0.0729443705673759 0.8602061170212767 0.11588541666666669 0.7757092198581561 0.0729443705673759 0.7590868794326242 0.07848515070921988 0.7313829787234043 0.06463320035460995
3 0.9114583333333334 0.08541112588652483 0.8574357269503546 0.1449745124113475 0.9530141843971631 0.2267010195035461 0.995955230496454 0.1491300975177305
