1 0.1144573252688172 0.05640961021505375 0.2530661962365591 0.05535954301075269 0.237315188172043 0.006006384408602128 0.11130712365591397 0.0018061155913978444
1 0.10710685483870967 0.054309475806451596 0.005250336021505376 0.059559811827957 0.0010500672043010752 0.0007560483870967527 0.072265625 0.0 0.10395665322580645 0.006006384408602128
1 0.11970766129032258 0.23282090053763438 0.24781586021505375 0.23072076612903225 0.24466565860215053 0.15406586021505375 0.10920698924731183 0.15931619623655913
1 0.2415154569892473 0.14461525537634407 0.23416498655913978 0.06901041666666663 0.1018565188172043 0.07531081989247312 0.10920698924731183 0.1530157930107527
1 0.07875504032258064 0.08371135752688169 0.0031502016129032256 0.08371135752688169 0.0021001344086021504 0.16246639784946237 0.08190524193548386 0.15616599462365588
1 0.09660618279569892 0.24332157258064513 0.005250336021505376 0.2506720430107527 0.0031502016129032256 0.17296706989247312 0.07770497311827956 0.16351646505376344
1 0.26461693548387094 0.39873151881720426 0.0031502016129032256 0.4281334005376344 0.0010500672043010752 0.35042842741935476 0.2541162634408602 0.3241767473118279
1 0.25516633064516125 0.31997647849462363 0.005250336021505376 0.338877688172043 0.0021001344086021504 0.2716733870967742 0.2467657930107527 0.25172211021505375
1 0.2982190860215054 0.25487231182795694 0.3885248655913978 0.2569724462365591 0.3853746639784946 0.1645665322580645 0.29191868279569894 0.1603662634408602
1 0.38012432795698925 0.4312836021505376 0.28036794354838707 0.43968413978494625 0.2908686155913978 0.3798303091397849 0.34967237903225806 0.38298051075268813 0.376974126344086 0.4008316532258064
1 0.2677671370967742 0.08686155913978494 0.3402217741935484 0.07951108870967738 0.34127184139784944 0.029107862903225784 0.3139700940860215 0.019657258064516125 0.25936659946236557 0.022807459677419345 0.2562163978494624 0.06376008064516125
1 0.4399781586021505 0.07741095430107525 0.4914314516129032 0.07846102150537632 0.5145329301075269 0.08896169354838707 0.5250336021505376 0.16246639784946237 0.4788306451612903 0.17296706989247312 0.4452284946236559 0.14986559139784944
1 0.4725302419354838 0.045908938172043 0.5617859543010753 0.037508400537634407 0.5546875 0.0 0.435546875 0.0 0.4420782930107527 0.054309475806451596
1 0.5533854166666666 0.1687668010752688 0.5922379032258064 0.16561659946236557 0.586987567204301 0.07846102150537632 0.5407846102150538 0.07846102150537632
1 0.6646925403225806 0.14881552419354838 0.7654989919354839 0.1467153897849462 0.7591985887096774 0.06586021505376344 0.6583921370967741 0.07006048387096775
1 0.6037886424731183 0.437584005376344 0.4578293010752688 0.450184811827957 0.45047883064516125 0.269573252688172 0.6331905241935484 0.25592237903225806 0.656292002688172 0.2653729838709677 0.6583921370967741 0.338877688172043 0.6216397849462365 0.3451780913978494 0.6258400537634409 0.395581317204301 0.6027385752688171 0.39768145161290325
1 0.9408602150537634 0.5667422715053763 0.6730930779569892 0.5866935483870968 0.6153393817204301 0.5394405241935484 0.6121891801075269 0.49638776881720426 0.8180023521505376 0.48063676075268813 0.8127520161290323 0.44808467741935476 0.8915070564516129 0.44073420698924726 0.8957073252688171 0.4732862903225806 0.991263440860215 0.4638356854838709
