1 0.09555611559139784 0.11235719086021505 0.3601730510752688 0.027301747311827957 0.390625 0.1354586693548387 0.3843245967741935 0.19636256720430106 0.1144573252688172 0.27826780913978494 0.07035450268817203 0.18376176075268816
3 0.3979754704301075 0.12180779569892472 0.4914314516129032 0.09030577956989247 0.5428847446236559 0.22681451612903225 0.4420782930107527 0.2562163978494624
3 0.376974126344086 0.021001344086021504 0.39902553763440857 0.10395665322580645 0.4956317204301075 0.07980510752688172 0.4662298387096774 0.0031502016129032256
3 0.5848874327956989 0.008400537634408602 0.6100890456989247 0.07035450268817203 0.7140456989247311 0.021001344086021504 0.6993447580645161 0.0031502016129032256
3 0.6153393817204301 0.07245463709677419 0.6363407258064516 0.12390793010752688 0.7318968413978494 0.08400537634408602 0.7045950940860215 0.03150201612903226
3 0.627940188172043 0.1228578629032258 0.6552419354838709 0.19636256720430106 0.7381972446236559 0.15435987903225806 0.7329469086021505 0.09030577956989247 0.6384408602150538 0.12600806451612903
3 0.16381048387096772 0.45992943548387094 0.21421370967741934 0.4441784274193548 0.22576444892473116 0.46202956989247307 0.2625168010752688 0.4494287634408602 0.2845682123655914 0.5208333333333333 0.1942624327956989 0.5502352150537634 0.18376176075268816 0.49773185483870963 0.17746135752688172 0.4935315860215054
3 0.2677671370967742 0.42947748655913975 0.31607022849462363 0.4116263440860215 0.32237063172043007 0.43367775537634407 0.3895749327956989 0.41372647849462363 0.4158266129032258 0.48093077956989244 0.4116263440860215 0.4935315860215054 0.41792674731182794 0.5197832661290323 0.3444220430107527 0.5365843413978494 0.33392137096774194 0.49878192204301075 0.30346942204301075 0.5197832661290323 0.2887684811827957 0.4662298387096774
3 0.30766969086021506 0.5943380376344086 0.39272513440860213 0.5670362903225806 0.40427587365591394 0.6048387096774194 0.43157762096774194 0.5974882392473118 0.4494287634408602 0.6573420698924731 0.35912298387096775 0.6804435483870968 0.3517725134408602 0.641591061827957 0.33182123655913975 0.6510416666666666
3 0.06615423387096774 0.4998319892473118 0.11025705645161289 0.49668178763440857 0.12915826612903225 0.5082325268817204 0.15961021505376344 0.5901377688172043 0.10815692204301075 0.614289314516129 0.06510416666666666 0.6048387096774194 0.045152889784946235 0.5544354838709677 0.035702284946236555 0.5323840725806451
0 0.004200268817204301 0.5145329301075269 0.03255208333333333 0.5638860887096774 0.04935315860215053 0.6079889112903225 0.04935315860215053 0.6373907930107526 0.006300403225806451 0.6531418010752688
3 0.3601730510752688 0.7108954973118279 0.42632728494623656 0.6877940188172043 0.432627688172043 0.7224462365591398 0.45992943548387094 0.7182459677419355 0.46832997311827956 0.7413474462365591 0.4798807123655914 0.7738995295698924 0.42947748655913975 0.7907006048387096 0.39167506720430106 0.7980510752688171
0 0.35912298387096775 0.8264028897849462 0.4483786962365591 0.8001512096774193 0.4567792338709677 0.8190524193548386 0.5071824596774194 0.7980510752688171 0.5260836693548386 0.8621051747311828 0.516633064516129 0.8852066532258064 0.49878192204301075 0.8904569892473118 0.48513104838709675 0.8757560483870968 0.4147765456989247 0.9062079973118279 0.4021757392473118 0.8883568548387096 0.38747479838709675 0.8978074596774193
3 0.3853746639784946 0.9324596774193548 0.5155829973118279 0.8915070564516129 0.5334341397849462 0.9419102822580645 0.5533854166666666 0.9366599462365591 0.5712365591397849 0.9587113575268816 0.39482526881720426 0.9534610215053763
3 0.516633064516129 0.3465221774193548 0.5880376344086021 0.32237063172043007 0.6132392473118279 0.37802419354838707 0.6237399193548386 0.4210769489247312 0.5260836693548386 0.4536290322580645 0.5071824596774194 0.41267641129032256 0.5365843413978494 0.4074260752688172
3 0.5470850134408601 0.45047883064516125 0.5680863575268816 0.49458165322580644 0.5428847446236559 0.502982190860215 0.5628360215053763 0.5554855510752688 0.6499915994623655 0.5239835349462365 0.6468413978494624 0.48933131720430106 0.669942876344086 0.4819808467741935 0.6457913306451613 0.4147765456989247
0 0.6604922715053763 0.5386844758064516 0.5838373655913979 0.5659862231182795 0.6016885080645161 0.599588373655914 0.572286626344086 0.6090389784946236 0.599588373655914 0.6804435483870968 0.6993447580645161 0.6342405913978494 0.6751932123655914 0.600638440860215 0.7035450268817204 0.5943380376344086 0.6919942876344085 0.5386844758064516
0 0.628990255376344 0.6741431451612903 0.6405409946236559 0.7077452956989247 0.6195396505376344 0.7182459677419355 0.6405409946236559 0.7707493279569892 0.7339969758064516 0.7444976478494624 0.7129956317204301 0.656292002688172 0.7056451612903225 0.6457913306451613
3 0.6720430107526881 0.78125 0.726646505376344 0.7612987231182795 0.7381972446236559 0.8600050403225806 0.6720430107526881 0.8768061155913978 0.656292002688172 0.8390036962365591 0.6804435483870968 0.823252688172043 0.6594422043010753 0.7833501344086021
3 0.6524083161157025 0.30492962293388426 0.6959904442148761 0.2936305526859504 0.7315018078512396 0.29524470557851246 0.7605565599173554 0.32591361053719015 0.7718556301652892 0.35658251549586784 0.7847688533057852 0.3953221849173554 0.7347301136363636 0.4114637138429752 0.7282735020661157 0.38240896177685957 0.6830772210743802 0.40016464359504134 0.6620932334710744 0.3888655733471075 0.6491800103305785 0.35658251549586784 0.6701639979338844 0.34205513946280997 0.6959904442148761 0.33882683367768596 0.6524083161157025 0.34205513946280997
3 0.7105178202479339 0.45988830061983477 0.7944537706611571 0.432447701446281 0.8218943698347108 0.47441567665289264 0.8412642045454546 0.5260685692148761 0.7573282541322315 0.5567374741735538
3 0.792839617768595 0.5599657799586777 0.8719331095041323 0.5405959452479339 0.9106727789256198 0.6471300361570248 0.89453125 0.6713423295454546 0.8122094524793388 0.6939404700413223 0.7734697830578513 0.5841780733471075
3 0.8105952995867769 0.7020112345041323 0.89453125 0.6794130940082644 0.9381133780991735 0.7762622675619835 0.8364217458677686 0.810159478305785 0.800910382231405 0.7181527634297521
3 0.8477208161157025 0.8698831353305785 0.9429558367768596 0.8230727014462811 0.989766270661157 0.9134652634297522 0.892917097107438 0.9699606146694215
3 0.70728951446281 0.8924812758264462 0.7831547004132232 0.8634265237603307 0.8154377582644629 0.9618898502066116 0.7137461260330579 0.9974012138429753 0.7056753615702479 0.9457483212809918 0.7169744318181819 0.934449251033058
3 0.7831547004132232 0.2597333419421488 0.8477208161157025 0.23713520144628103 0.9203576962809918 0.19839553202479338 0.9397275309917357 0.19516722623966942 0.9784672004132231 0.24843427169421484 0.9332709194214877 0.2597333419421488 0.9703964359504134 0.3275277634297521 0.8848463326446281 0.36303912706611574 0.8751614152892562 0.3517400568181819 0.8444925103305786 0.3000871642561984 0.8105952995867769 0.31622869318181823
3 0.7428008780991736 0.030523631198347112 0.837890625 0.0 0.8590198863636364 0.003083032024793375 0.897759555785124 0.07571991219008267 0.8154377582644629 0.11284542871900827 0.7847688533057852 0.08056237086776863 0.7621707128099173 0.08863313533057854
