0 0.07081117021276595 0.007272273936170213 0.0 0.033203125 0.0 0.0703125 0.017827460106382975 0.10388962765957446 0.12379488031914893 0.06129488031914893 0.103016954787234 0.007272273936170213
0 0.11860039893617019 0.06337267287234043 0.006399601063829752 0.11531748670212766 0.034449800531914876 0.1838846409574468 0.14665059840425532 0.13297872340425532
0 0.1674285239361702 0.03532247340425532 0.1705452127659574 0.15063996010638298 0.24534574468085102 0.1485621675531915 0.2422290558510638 0.02908909574468085
0 0.24015126329787229 0.01973902925531915 0.24534574468085102 0.146484375 0.3419630984042553 0.14128989361702127 0.33053523936170204 0.008311170212765957 0.3243018617021276 0.0010388962765957447 0.2567736037234042 0.004155585106382979
0 0.4063746675531914 0.014544547872340425 0.3274185505319148 0.018700132978723402 0.32949634308510634 0.1070063164893617 0.41260804521276595 0.10908410904255318
0 0.49675864361702127 0.010388962765957447 0.41468583776595735 0.010388962765957447 0.4188414228723404 0.1070063164893617 0.5040309175531914 0.10804521276595744
0 0.5757147606382979 0.012466755319148936 0.49468085106382975 0.015583444148936169 0.501953125 0.1257064494680851 0.582987034574468 0.12986203457446807
0 0.5861037234042553 0.10804521276595744 0.6671376329787233 0.10596742021276595 0.6536319813829786 0.0020777925531914893 0.5788314494680851 0.003116688829787234
0 0.6525930851063829 0.01142785904255319 0.6702543218085105 0.12362865691489361 0.7564827127659575 0.12155086436170212 0.7450548537234043 0.003116688829787234 0.6546708776595744 0.0010388962765957447
0 0.7502493351063828 0.004155585106382979 0.7544049202127658 0.11220079787234041 0.8271276595744681 0.1163563829787234 0.8229720744680851 0.003116688829787234
0 0.9040059840425532 0.023894614361702125 0.8281665558510638 0.028050199468085103 0.8302443484042552 0.10596742021276595 0.9175116356382977 0.10596742021276595
0 0.9933510638297871 0.009350066489361701 0.9143949468085106 0.016622340425531915 0.9310172872340425 0.13401761968085105 0.998046875 0.130859375
0 0.035488696808510634 0.3449135638297872 0.0 0.361328125 0.001205119680851019 0.4404920212765957 0.07081117021276595 0.4145196143617021
0 0.06457779255319146 0.4145196143617021 0.0 0.443359375 0.0 0.525390625 0.10613364361702127 0.475814494680851
0 0.15288397606382975 0.2607629654255319 0.09262799202127658 0.29920212765957444 0.1373005319148936 0.36673038563829785 0.19028424202127658 0.34803025265957444
0 0.2754737367021276 0.24725731382978722 0.18612865691489355 0.2493351063829787 0.20378989361702127 0.36880817819148937 0.2785904255319148 0.36673038563829785
0 0.3378075132978723 0.2534906914893617 0.26716256648936165 0.2534906914893617 0.2713181515957447 0.30439660904255317 0.27962932180851063 0.329330119680851 0.343001994680851 0.329330119680851
0 0.42715259308510634 0.2462184175531915 0.3440408909574467 0.24725731382978722 0.36481881648936165 0.36984707446808507 0.4416971409574467 0.36984707446808507
0 0.5185754654255319 0.23167386968085105 0.43234707446808507 0.23686835106382978 0.4344248670212766 0.32725232712765956 0.44793051861702127 0.37296376329787234 0.5289644281914893 0.3625748005319149
0 0.6006482712765957 0.22440159574468083 0.5133809840425532 0.23167386968085105 0.525847739361702 0.3584192154255319 0.6110372340425532 0.3553025265957447
0 0.6733710106382977 0.22855718085106383 0.6016871675531914 0.23375166223404253 0.6162317154255319 0.35738031914893614 0.6868766622340425 0.3563414228723404
0 0.7564827127659575 0.22959607712765956 0.672332114361702 0.22855718085106383 0.6899933510638296 0.35322473404255317 0.7731050531914894 0.3511469414893617
0 0.8479055851063828 0.22959607712765956 0.7647938829787233 0.2327127659574468 0.7762217420212765 0.3397190824468085 0.8510222739361701 0.345952460106383
0 0.9393284574468084 0.21712932180851063 0.8531000664893615 0.22959607712765956 0.8582945478723403 0.3469913563829787 0.9434840425531914 0.34387466755319146
0 0.9466007313829787 0.21816821808510636 0.9975066489361701 0.21816821808510636 0.9975066489361701 0.34803025265957444 0.9455618351063828 0.341796875
0 0.24742353723404253 0.39270279255319146 0.19651761968085102 0.3937416888297872 0.19859541223404253 0.49451462765957444 0.2567736037234042 0.4986702127659574
0 0.3398853058510638 0.39270279255319146 0.24846243351063824 0.3875083111702127 0.26300698138297873 0.5069813829787234 0.3533909574468085 0.5090591755319148
0 0.4209192154255319 0.39893617021276595 0.3419630984042553 0.3978972739361702 0.3575465425531914 0.5017869015957447 0.43234707446808507 0.4934757313829787
0 0.5061087101063829 0.3916638962765957 0.4198803191489361 0.3916638962765957 0.4375415558510638 0.4934757313829787 0.5123420877659574 0.49763131648936165
0 0.5819481382978723 0.39997506648936165 0.5092253989361701 0.4030917553191489 0.5113031914893617 0.48828124999999994 0.5996093749999999 0.48724235372340424
0 0.6619431515957446 0.3875083111702127 0.587142619680851 0.39893617021276595 0.595453789893617 0.48308676861702127 0.6816821808510638 0.4747755984042553
0 0.7637549867021276 0.3719248670212766 0.6702543218085105 0.36984707446808507 0.6796043882978722 0.479970079787234 0.765832779255319 0.4747755984042553
0 0.8281665558510638 0.38543051861702127 0.7585605053191489 0.3843916223404255 0.7637549867021276 0.4706200132978723 0.8447888962765957 0.4695811170212766
0 0.9195894281914894 0.3750415558510638 0.8406333111702127 0.37296376329787234 0.8551778590425532 0.4789311835106383 0.9299783909574468 0.4695811170212766
0 0.9954288563829787 0.3708859707446808 0.9247839095744681 0.3719248670212766 0.9279005984042552 0.47165890957446804 0.998046875 0.46875
0 0.004321808510638292 0.6420378989361701 0.12483377659574463 0.6451545877659574 0.13210605053191488 0.728266289893617 0.006399601063829752 0.7293051861702127
0 0.05314993351063829 0.7209940159574467 0.0 0.724609375 0.0 0.77734375 0.05938331117021273 0.7760555186170213
1 0.11548371010638298 0.768783244680851 0.13314494680851063 0.8238447473404255 0.0 0.8359375 0.0 0.78125
0 0.28274601063829785 0.6337267287234042 0.23599567819148937 0.6358045212765957 0.23807347074468077 0.707488364361702 0.31910738031914887 0.7116439494680851 0.3222240691489361 0.6368434175531914
0 0.4074135638297872 0.6316489361702128 0.3211851728723404 0.6337267287234042 0.3263796542553191 0.7906000664893617 0.41572473404255317 0.7802111037234042
0 0.4884474734042553 0.6254155585106382 0.4074135638297872 0.6274933510638298 0.41364694148936165 0.7230718085106382 0.5071476063829786 0.7293051861702127
0 0.5674035904255319 0.6295711436170213 0.4998753324468085 0.6274933510638298 0.5029920212765957 0.7521609042553191 0.5300033244680851 0.7511220079787233 0.5310422207446808 0.7293051861702127 0.5850648271276595 0.7261884973404255
0 0.5850648271276595 0.6212599734042553 0.587142619680851 0.7365774601063829 0.672332114361702 0.7220329122340425 0.656748670212766 0.6150265957446808
0 0.6577875664893617 0.6171043882978723 0.6671376329787233 0.7396941489361701 0.7554438164893615 0.7604720744680851 0.74609375 0.6004820478723404
0 0.7512882313829787 0.6139876994680851 0.7544049202127658 0.7220329122340425 0.8229720744680851 0.7209940159574467 0.818816489361702 0.6150265957446808
0 0.8967337101063828 0.5963264627659574 0.8094664228723403 0.5973653590425532 0.8260887632978722 0.7209940159574467 0.9019281914893615 0.7251496010638298
0 0.9933510638297871 0.5911319813829787 0.9008892952127658 0.594248670212766 0.9143949468085106 0.7313829787234042 0.9954288563829787 0.7334607712765957
