1 0.18405086436170215 0.10285073138297872 0.0 0.17578125 0.0 0.228515625 0.23495678191489355 0.6970994015957447 0.4209192154255319 0.5994431515957447
1 0.0863946143617021 0.40620844414893614 0.0001662234042553168 0.44153091755319146 0.0 0.40625 0.0001662234042553168 0.2347905585106383
1 0.13937832446808507 0.5381482712765957 0.0 0.60546875 0.0 0.44921875 0.0863946143617021 0.41348071808510634 0.14872839095744678 0.532953789893617
1 0.22249002659574468 0.6867104388297872 0.0 0.78125 0.0001662234042553168 0.6150265957446808 0.14768949468085102 0.537109375
1 0.8842669547872339 0.0789561170212766 0.4739029255319148 0.2566073803191489 0.5435089760638298 0.40932513297872336 0.9154338430851063 0.24517952127659573 0.9060837765957446 0.23375166223404253 0.9445229388297871 0.21297373670212766
1 0.9933510638297871 0.426986369680851 0.6349318484042552 0.5932097739361701 0.790766289893617 0.911112034574468 0.94140625 0.8238447473404255 0.9621841755319147 0.8903341090425532 0.998046875 0.88671875
1 0.9299783909574468 0.8508560505319148 0.7897273936170213 0.9298121675531914 0.8240109707446808 0.9942237367021276 0.9912732712765957 0.9931848404255319 0.998046875 0.9140625 0.9559507978723403 0.8934507978723404
1 0.3887134308510638 0.6856715425531914 0.27027925531914887 0.732421875 0.40014128989361697 0.9755236037234042 0.5154587765957447 0.9246176861702127
1 0.2775515292553191 0.768783244680851 0.1508061835106383 0.813455784574468 0.24015126329787229 0.9952626329787233 0.4074135638297872 0.9963015292553191
1 0.151845079787234 0.8113779920212766 0.04795545212765956 0.8654005984042553 0.10509474734042551 0.9973404255319148 0.2411901595744681 0.9973404255319148
1 0.042760970744680826 0.8695561835106382 0.0 0.876953125 0.0 0.998046875 0.10197805851063829 0.9973404255319148
1 0.1352227393617021 0.003116688829787234 0.14872839095744678 0.031166888297872338 0.0 0.08984375 0.0 0.00390625
