1 0.0302942154255319 0.0 0.12379488031914893 0.2025847739361702 0.0 0.26171875 0.0 0.0
1 0.16638962765957444 0.0020777925531914893 0.23599567819148937 0.14128989361702127 0.26508477393617014 0.15687333776595744 0.5528590425531914 0.025972406914893616 0.5372755984042553 0.003116688829787234
1 0.20690658244680848 0.3563414228723404 0.1944398271276595 0.3542636303191489 0.08327792553191488 0.39893617021276595 0.2744348404255319 0.8394281914893617 0.3907912234042553 0.789561170212766
1 0.4178025265957447 0.297124335106383 0.29832945478723405 0.34387466755319146 0.48221409574468077 0.789561170212766 0.595453789893617 0.7365774601063829
1 0.49156416223404253 0.789561170212766 0.5268866356382979 0.8446226728723404 0.6816821808510638 0.7760555186170213 0.7201213430851063 0.768783244680851 0.6868766622340425 0.6867104388297872 0.6473986037234042 0.6648936170212766 0.5902593085106382 0.6877493351063829 0.6048038563829786 0.7386552526595744
0 0.6712932180851063 0.03324468085106383 0.6941489361702127 0.09973404255319149 0.8281665558510638 0.05610039893617021 0.7980385638297871 0.0010388962765957447 0.7492104388297871 0.0020777925531914893
0 0.818816489361702 0.059217087765957445 0.6920711436170213 0.10285073138297872 0.7149268617021276 0.15479554521276595 0.8458277925531914 0.11012300531914893
0 0.8697224069148934 0.004155585106382979 0.9008892952127658 0.08311170212765957 0.998046875 0.033203125 0.998046875 0.001953125
0 0.912317154255319 0.09869514627659574 0.9362117686170213 0.16414561170212766 0.9975066489361701 0.12986203457446807 0.9975066489361701 0.062333776595744676
0 0.9486785239361701 0.1610289228723404 0.9642619680851063 0.20466256648936168 0.998046875 0.189453125 0.998046875 0.130859375
0 0.84375 0.11012300531914893 0.7221991356382977 0.16726230053191488 0.7481715425531914 0.22544049202127658 0.8749168882978722 0.1745345744680851
0 0.7523271276595744 0.2264793882978723 0.7731050531914894 0.2836186835106383 0.9008892952127658 0.23375166223404253 0.8769946808510638 0.17765126329787234
0 0.7710272606382977 0.2908909574468085 0.7886884973404256 0.3449135638297872 0.9154338430851063 0.29192985372340424 0.8905003324468084 0.23894614361702127
0 0.790766289893617 0.3469913563829787 0.8156998005319149 0.40205285904255317 0.9476396276595744 0.341796875 0.9227061170212765 0.2908909574468085
0 0.8198553856382977 0.40620844414893614 0.8427111037234041 0.45815325797872336 0.9756898271276595 0.4041306515957447 0.9507563164893615 0.34387466755319146
0 0.8468666888297871 0.46230884308510634 0.8707613031914894 0.524642619680851 0.9954288563829787 0.47165890957446804 0.9746509308510638 0.41244182180851063
0 0.8790724734042552 0.5256815159574467 0.8936170212765957 0.5755485372340425 0.998046875 0.52734375 0.9964677526595744 0.47789228723404253
0 0.8967337101063828 0.5755485372340425 0.9040059840425532 0.6025598404255319 0.9279005984042552 0.5911319813829787 0.94140625 0.6119099069148936 0.9975066489361701 0.581781914893617 0.9954288563829787 0.5308759973404255
0 0.9268617021276595 0.6326878324468085 0.9569896941489362 0.6908660239361701 0.998046875 0.671875 0.998046875 0.59375
0 0.9632230718085106 0.6939827127659574 0.9777676196808509 0.7448886303191489 0.998046875 0.734375 0.998046875 0.673828125
1 0.8250498670212765 0.8851396276595744 0.6099983377659574 0.9620179521276595 0.615234375 0.998046875 0.8828125 0.998046875
