0 0.006300403225806451 0.5971942204301075 0.20161290322580644 0.5373403897849462 0.21001344086021503 0.5803931451612903 0.334971438172043 0.5509912634408601 0.3181703629032258 0.46068548387096775 0.28036794354838707 0.4701360887096774 0.23521505376344085 0.3042254704301075 0.15856014784946235 0.3157762096774194 0.15646001344086022 0.353578629032258 0.0021001344086021504 0.3882308467741935
1 0.26146673387096775 0.2811239919354838 0.45047883064516125 0.22232022849462363 0.5187331989247311 0.46908602150537626 0.3381216397849462 0.5173891129032258
0 0.530283938172043 0.44808467741935476 0.7970010080645161 0.3745799731182795 0.7371471774193548 0.14566532258064513 0.47358030913978494 0.2202200940860215
1 0.15856014784946235 0.6990507392473118 0.21736391129032256 0.6790994623655914 0.23206485215053763 0.7463037634408601 0.17746135752688172 0.7620547715053763
3 0.31292002688172044 0.9909694220430108 0.3843245967741935 0.968918010752688 0.3654233870967742 0.9080141129032258 0.3843245967741935 0.897513440860215 0.36647345430107525 0.8439600134408602 0.2698672715053763 0.870211693548387 0.27826780913978494 0.9185147849462365 0.29191868279569894 0.9195648521505375
3 0.3895749327956989 0.870211693548387 0.4798807123655914 0.8481602822580645 0.4998319892473118 0.9636676747311828 0.4116263440860215 0.9909694220430108
3 0.5197832661290323 0.9437163978494623 0.6132392473118279 0.9206149193548387 0.5649361559139785 0.7767557123655914 0.4725302419354838 0.815608198924731
3 0.5985383064516129 0.8166582661290323 0.6552419354838709 0.799857190860215 0.7003948252688171 0.8922631048387095 0.6205897177419355 0.9195648521505375
3 0.5544354838709677 0.7599546370967741 0.5796370967741935 0.7599546370967741 0.586987567204301 0.786206317204301 0.6069388440860215 0.771505376344086 0.6195396505376344 0.7914566532258064 0.5691364247311828 0.8093077956989247
3 0.0850554435483871 0.9342657930107525 0.16591061827956988 0.910114247311828 0.201171875 0.998046875 0.1015625 0.998046875
0 0.9944136424731183 0.2622227822580645 0.8883568548387096 0.30317540322580644 0.8631552419354839 0.3609290994623655 0.90830813172043 0.5026881720430108 0.9230090725806451 0.5268397177419355 0.9461105510752688 0.520539314516129 0.9597614247311828 0.5247395833333333 0.9933635752688171 0.5110887096774194 0.998046875 0.45703125
0 0.9482106854838709 0.0018061155913978444 0.8715557795698924 0.030157930107526876 0.8348034274193548 0.11521337365591394 0.8883568548387096 0.269573252688172 0.9975638440860215 0.23492103494623656 0.998046875 0.181640625 0.9965137768817204 0.0018061155913978444
3 0.7570984543010753 0.7085013440860215 0.7801999327956989 0.8082577284946236 0.90830813172043 0.7746555779569892 0.865255376344086 0.6654485887096774
3 0.8180023521505376 0.81455813172043 0.9471606182795699 0.7757056451612903 0.977612567204301 0.8765120967741935 0.8222026209677419 0.9174647177419355 0.7970010080645161 0.8187584005376343
3 0.8274529569892473 0.9332157258064515 0.9860131048387096 0.8870127688172043 0.9923135080645161 0.9615675403225805 0.8400537634408601 0.994119623655914
