0 0.3583504098360656 0.14194842896174864 0.3306010928961748 0.0 0.12675034153005466 0.0010672814207650272 0.15770150273224043 0.1761014344262295
1 0.6614583333333333 0.009605532786885246 0.7660519125683061 0.11419911202185792 0.8151468579234973 0.0864497950819672 0.7372353142076502 0.0010672814207650272
1 0.23881489071038248 0.38955771857923494 0.24521857923497264 0.5176314890710383 0.29858265027322406 0.509093237704918 0.2911116803278688 0.390625
1 0.295380806010929 0.35967383879781417 0.3135245901639344 0.5197660519125683 0.4213200136612022 0.510160519125683 0.3989071038251366 0.3447318989071038
1 0.4490693306010929 0.3095116120218579 0.47788592896174864 0.5272370218579234 0.5792776639344261 0.5026895491803278 0.5547301912568305 0.34259733606557374 0.4896260245901639 0.3063097677595628
1 0.5952868852459016 0.25187841530054644 0.6048924180327868 0.31804986338797814 0.7383025956284153 0.3020406420765027 0.7318989071038251 0.23693647540983606
1 0.849299863387978 0.33939549180327866 0.8727800546448088 0.44932547814207646 0.9581625683060109 0.4343835382513661 0.9474897540983607 0.3361936475409836
0 0.7895321038251366 0.5539190573770492 0.807675887978142 0.6937329234972678 0.8802510245901638 0.6851946721311475 0.8621072404371584 0.547515368852459
0 0.7222933743169399 0.5699282786885246 0.7361680327868853 0.6745218579234973 0.7126878415300546 0.6787909836065573 0.7190915300546448 0.7332223360655737 0.6614583333333333 0.7396260245901639 0.6326417349726776 0.5816683743169399
1 0.6080942622950819 0.5731301229508197 0.6315744535519126 0.7300204918032787 0.5472592213114754 0.7342896174863388 0.5237790300546448 0.5827356557377049
1 0.492827868852459 0.624359631147541 0.5259135928961748 0.742827868852459 0.4768186475409836 0.7620389344262295 0.4821550546448087 0.8762380464480874 0.4287909836065573 0.8922472677595628 0.39997438524590156 0.6414361338797814
1 0.7521772540983607 0.9221311475409836 0.7724556010928962 0.9957735655737705 0.8204832650273224 0.9872353142076502 0.803406762295082 0.9167947404371585
1 0.8332906420765027 0.8186048497267759 0.8471653005464481 0.8634306693989071 0.9112021857923496 0.8516905737704917 0.8994620901639343 0.7961919398907104
1 0.92614412568306 0.8442196038251366 0.9325478142076502 0.8751707650273224 0.8183487021857923 0.9135928961748634 0.8471653005464481 0.9957735655737705 0.9528261612021858 0.9488131830601092 0.998046875 0.978515625 0.998046875 0.8828125 0.9699026639344261 0.8314122267759563
1 0.651852800546448 0.900785519125683 0.6838712431693988 0.9968408469945355 0.5077698087431693 0.9979081284153005 0.49176058743169393 0.9082564890710382 0.5237790300546448 0.901852800546448
1 0.376494193989071 0.6008794398907104 0.3882342896174863 0.6766564207650273 0.28470799180327866 0.6958674863387978 0.2697660519125683 0.6158213797814207
1 0.1491632513661202 0.6275614754098361 0.18651810109289618 0.8751707650273224 0.2772370218579234 0.8741034836065573 0.2537568306010929 0.6275614754098361
1 0.03176229508196721 0.6489071038251366 0.04030054644808739 0.7556352459016393 0.1491632513661202 0.7342896174863388 0.13635587431693985 0.6339651639344263
1 0.140625 0.4183743169398907 0.15449965846994534 0.49094945355191255 0.21533469945355188 0.4792093579234972 0.20039275956284153 0.3938268442622951
1 0.04243510928961747 0.4183743169398907 0.0018784153005464432 0.4215761612021858 0.0008111338797814338 0.5731301229508197 0.11074112021857924 0.5592554644808743 0.09473189890710382 0.47280566939890706 0.05630976775956281 0.4781420765027322
1 0.032829576502732216 0.2935023907103825 0.0 0.296875 0.0 0.39453125 0.047771516393442626 0.3884904371584699
1 0.7351007513661202 0.4578637295081967 0.7905993852459017 0.44719091530054644 0.7724556010928962 0.3671448087431694 0.7201588114754098 0.38315403005464477
1 0.9293459699453552 0.5400443989071038 0.9570952868852458 0.6414361338797814 0.998046875 0.6328125 0.998046875 0.630859375 0.998046875 0.53125
